0 -0.043581 0.045712 
1 0.040665 0.26667
2 -0.010939 0.584934 
3 -0.03233 0.921081 
4 -0.037312 1.20971 
5 0.022831 1.535393 
6 -0.008848 1.85648 
7 0.017792 2.164652 
8 -0.041772 2.510226 
9 0.037834 2.800533 
10 0.016142 3.085729 
11 -0.004087 3.397002 
12 0.014031 3.709073 
13 0.044653 4.063535 
14 -0.041001 4.398025 
15 -0.011569 4.656682 
16 0.00254 5.029909 
17 -0.03608 5.286318 
18 0.002781 5.629954 
19 0.023344 5.919415 
20 -0.027097 6.248995 
21 -0.010878 6.516367 
22 0.035835 6.840142 
23 -0.01212 7.157456 
24 -0.031893 7.51877 
25 0.037696 7.789905 
26 -0.006979 8.13786 
27 -0.00805 8.402546 
28 -0.03036 8.727893 
29 -0.00829 9.093552 
30 -0.020742 9.40293 
31 0.039835 9.695697 
32 0.269985 0.169943 
33 0.356213 0.488506 
34 0.302165 0.818962 
35 0.303987 1.125882 
36 0.286953 1.4472 
37 0.27171 1.692762 
38 0.356876 2.026668 
39 0.351823 2.34215 
40 0.292549 2.683633 
41 0.349197 2.978036 
42 0.301096 3.239704 
43 0.334636 3.630456 
44 0.266756 3.916194 
45 0.349276 4.259383 
46 0.267909 4.558091 
47 0.279681 4.816823 
48 0.268682 5.113695 
49 0.319019 5.502068 
50 0.321699 5.738661 
51 0.289506 6.091822 
52 0.276814 6.400398 
53 0.309791 6.718064 
54 0.291319 6.985761 
55 0.34586 7.327062 
56 0.292006 7.682665
57 0.350157 7.94924 
58 0.27082 8.25978 
59 0.321049 8.606911 
60 0.321636 8.937521 
61 0.351499 9.212207 
62 0.353119 9.567222 
63 0.288719 9.824162 
64 0.668061 -0.014181
65 0.602077 0.272558
66 0.63814 0.632749
67 0.63748 0.91587
68 0.668658 1.228784
69 0.626613 1.53555
70 0.62807 1.857119
71 0.586584 2.171998
72 0.640872 2.516035
73 0.58063 2.844897
74 0.643669 3.140845
75 0.649737 3.445834
76 0.588409 3.73852
77 0.638285 4.040107
78 0.650158 4.404826
79 0.626701 4.691122 
80 0.64516 4.992389
81 0.58319 5.327804
82 0.606009 5.653643
83 0.646939 5.925224
84 0.606826 6.252499
85 0.623841 6.516472
86 0.629163 6.877779
87 0.625939 7.146101
88 0.669404 7.49335
89 0.587557 7.780713
90 0.600938 8.161565
91 0.661748 8.42937
92 0.653974 8.707613 1000
93 0.59474 9.034121
94 0.656503 9.367279
95 0.655475 9.728982
96 0.917599 0.124577
97 0.963226 0.509489
98 0.937595 0.752988
99 0.954421 1.069765
100 0.915505 1.378967
101 0.944316 1.736559
102 0.941315 2.053946
103 0.964207 2.330147
104 0.89982 2.651649
105 0.981953 2.986687
106 0.961759 3.310087
107 0.953696 3.623914
108 0.908233 3.943451
109 0.983195 4.243703
110 0.934304 4.518394
111 0.918864 4.824436
112 0.964369 5.147517
113 0.972646 5.487879
114 0.926202 5.758825
115 0.894685 6.05589
116 0.939046 6.385341
117 0.919875 6.682312
118 0.94291 6.987768
119 0.948142 7.371575
120 0.909686 7.659991
121 0.891207 7.961971
122 0.915746 8.273507
123 0.976564 8.607766
124 0.981153 8.888908
125 0.971304 9.175489
126 0.983418 9.490841 1000
127 0.982653 9.819952
128 1.256102 -0.02574
129 1.210814 0.271936
130 1.268628 0.578417
131 1.285242 0.895371
132 1.261348 1.245659
133 1.280385 1.604928
134 1.218557 1.899942
135 1.230775 2.231796
136 1.275303 2.461379
137 1.258314 2.838463
138 1.251209 3.156555
139 1.223888 3.401381
140 1.248332 3.770012
141 1.203863 4.028053
142 1.23825 4.378425
143 1.230058 4.731413
144 1.271247 4.954424
145 1.260567 5.308245
146 1.213925 5.636578
147 1.275608 5.983709
148 1.265184 6.272365
149 1.246586 6.60594
150 1.258381 6.889482
151 1.216672 7.228946 1000
152 1.256115 7.507619
153 1.268687 7.766853
154 1.207004 8.102253 
155 1.294345 8.468628
156 1.253557 8.742904
157 1.2173 9.056
158 1.294453 9.338381
159 1.204136 9.723295
160 1.574186 0.136906
161 1.561551 0.509296
162 1.54671 0.754601
163 1.573976 1.085486
164 1.530748 1.361119
165 1.515978 1.672174
166 1.601088 2.012688
167 1.597626 2.339849
168 1.534282 2.644463
169 1.534216 2.967416 
170 1.590542 3.272991
171 1.589707 3.628638
172 1.526686 3.867665
173 1.539225 4.227269
174 1.596547 4.523267
175 1.52045 4.79796
176 1.597903 5.113555
177 1.593361 5.460191
178 1.529216 5.790169
179 1.52943 6.120564 1000
180 1.5227 6.42679
181 1.515636 6.698407
182 1.568214 7.076405
183 1.597934 7.378748
184 1.584581 7.678896
185 1.516812 7.930886
186 1.605904 8.310406
187 1.543523 8.632603
188 1.566013 8.86858
189 1.57197 9.265597
190 1.59897 9.577809
191 1.578382 9.858601
192 1.851855 -0.031071
193 1.901508 0.318143
194 1.884027 0.581007
195 1.880022 0.908099
196 1.897006 1.228704
197 1.84596 1.583308
198 1.835478 1.917081 1000
199 1.920439 2.228598
200 1.908973 2.519915
201 1.864914 2.827427
202 1.85126 3.166835
203 1.836935 3.442333
204 1.920212 3.777412
205 1.862872 4.039386
206 1.916921 4.413406
207 1.909208 4.716797
208 1.908437 4.957642
209 1.847785 5.286077
210 1.857353 5.578494
211 1.83753 5.944009
212 1.886712 6.20948
213 1.828567 6.587984
214 1.902684 6.893323
215 1.857838 7.165035
216 1.89367 7.52832
217 1.835351 7.825164
218 1.903936 8.152493
219 1.877774 8.479262
220 1.859691 8.780207
221 1.852922 9.100706
222 1.905865 9.36905
223 1.909297 9.704216
224 2.208696 0.175193
225 2.230144 0.491953
226 2.159483 0.824933
227 2.153757 1.062678
228 2.147066 1.443799
229 2.220112 1.762799
230 2.193446 1.992501
231 2.156292 2.390247
232 2.154792 2.701774
233 2.230544 3.002447
234 2.166438 3.31834
235 2.153749 3.560687
236 2.169903 3.880123
237 2.190536 4.235344 1000
238 2.16591 4.56144
239 2.207766 4.849514
240 2.191543 5.150423
241 2.231482 5.433677
242 2.229973 5.755234
243 2.188328 6.085963
244 2.157895 6.399354
245 2.17767 6.718156
246 2.16287 7.036781
247 2.154603 7.335922
248 2.152724 7.63257
249 2.144136 7.928414
250 2.163683 8.293258
251 2.179109 8.602581
252 2.178651 8.899041
253 2.151567 9.2616
254 2.142447 9.49688
255 2.201366 9.836609
256 2.546251 0.033841
257 2.493875 0.353813
258 2.518409 0.625517
259 2.461412 0.965216
260 2.493106 1.288906
261 2.492985 1.557523
262 2.533706 1.914037
263 2.465915 2.192923
264 2.514529 2.503686
265 2.516719 2.770434
266 2.498625 3.09935
267 2.545855 3.416822 1000
268 2.469299 3.716274
269 2.49458 4.052642
270 2.545004 4.374051
271 2.53213 4.678937
272 2.541723 5.028655
273 2.466224 5.345707
274 2.471294 5.602526
275 2.482613 5.937701
276 2.487491 6.293263
277 2.455362 6.552466
278 2.481286 6.898465
279 2.46886 7.232227
280 2.528163 7.469746
281 2.496053 7.797542
282 2.48944 8.117452
283 2.498607 8.481104
284 2.534602 8.761302
285 2.502511 9.061245
286 2.496091 9.334678
287 2.510482 9.664947
288 2.780552 0.138462
289 2.805115 0.482568
290 2.799783 0.745892
291 2.79472 1.064311
292 2.840594 1.429926
293 2.843628 1.75806
294 2.82423 2.031227
295 2.816461 2.362173
296 2.833919 2.673562
297 2.782549 2.933771
298 2.845931 3.258814
299 2.854838 3.629637
300 2.823676 3.92118
301 2.782428 4.192897
302 2.842019 4.502965
303 2.80626 4.864173
304 2.802477 5.183774 1000
305 2.812692 5.510441
306 2.786617 5.772316
307 2.852132 6.046901 
308 2.808122 6.384785
309 2.832883 6.681716
310 2.838789 7.041806
311 2.784038 7.381393
312 2.849042 7.644969
313 2.820527 8.01176
314 2.787277 8.318948
315 2.820858 8.614223
316 2.818853 8.912041
317 2.83041 9.210452
318 2.855384 9.507418 1000
319 2.777939 9.870209
320 3.109367 -0.030387
321 3.145801 0.345231
322 3.109435 0.606608
323 3.155955 0.920301
324 3.130123 1.237099
325 3.108496 1.566864
326 3.130139 1.836127
327 3.168182 2.160401
328 3.113527 2.514884
329 3.163393 2.83709
330 3.097876 3.100375
331 3.154252 3.415743
332 3.150256 3.712339
333 3.154829 4.022176
334 3.158402 4.410659
335 3.169436 4.683042
336 3.101535 5.013381
337 3.125349 5.3514
338 3.165066 5.579426
339 3.084751 5.892154
340 3.089895 6.274739
341 3.129782 6.579103
342 3.150272 6.828888
343 3.113127 7.215537
344 3.141005 7.47058
345 3.100553 7.822204
346 3.101435 8.106191
347 3.138754 8.402408
348 3.121428 8.703659
349 3.169568 9.090963
350 3.128296 9.377163
351 3.108923 9.725998
352 3.424332 0.19681
353 3.406236 0.468966
354 3.476286 0.749458
355 3.421735 1.072741
356 3.396685 1.410794
357 3.436649 1.759695
358 3.432069 2.01857
359 3.414228 2.328021
360 3.461268 2.627189
361 3.416213 2.928358
362 3.448708 3.28555
363 3.436878 3.588498
364 3.449674 3.927525
365 3.40615 4.198114
366 3.464905 4.552225
367 3.457615 4.798113
368 3.434314 5.174989
369 3.397592 5.426415
370 3.408995 5.746813
371 3.395767 6.118016
372 3.422293 6.405962
373 3.431983 6.741558
374 3.42151 7.049429
375 3.41749 7.352651
376 3.412119 7.668296
377 3.475611 7.938476
378 3.43038 8.261006
379 3.466182 8.624343
380 3.401021 8.939239
381 3.466651 9.247311
382 3.452979 9.502689
383 3.425613 9.866934
384 3.728265 -0.018561
385 3.755928 0.315679
386 3.706208 0.662079
387 3.719075 0.949344
388 3.791009 1.263475
389 3.743931 1.552641
390 3.775506 1.895699
391 3.76296 2.217539
392 3.711953 2.507341
393 3.743637 2.842314
394 3.710471 3.162544
395 3.721807 3.458822
396 3.728773 3.780361
397 3.755599 4.077675
398 3.796238 4.373168
399 3.7831 4.691129
400 3.767013 4.989267
401 3.767292 5.317278
402 3.773554 5.606564
403 3.726898 5.958446
404 3.749114 6.270895
405 3.785481 6.567987
406 3.790314 6.902812
407 3.765465 7.23433
408 3.763007 7.513439
409 3.769452 7.777662
410 3.744003 8.128126
411 3.777236 8.476956
412 3.719657 8.747408
413 3.79334 9.063279
414 3.759835 9.371013
415 3.766605 9.721142
416 4.043922 0.189067
417 4.101451 0.512666
418 4.0262 0.794663
419 4.089116 1.100663
420 4.075451 1.389293
421 4.025796 1.748056
422 4.022814 2.033885
423 4.063904 2.349749
424 4.060533 2.661173
425 4.045089 2.94897
426 4.072451 3.291941
427 4.081481 3.557398
428 4.081954 3.903487
429 4.042778 4.229655
430 4.098235 4.501686
431 4.067159 4.806601
432 4.052686 5.154759
433 4.030024 5.452052 1000
434 4.019544 5.741604
435 4.036033 6.140606
436 4.053617 6.433537
437 4.074341 6.690051
438 4.04301 7.052115
439 4.079211 7.332418
440 4.049853 7.666044
441 4.103896 7.939003
442 4.059361 8.28149
443 4.078395 8.580813
444 4.102235 8.88796
445 4.061167 9.222701
446 4.098032 9.558611
447 4.08212 9.840425
448 4.351623 0.043828
449 4.371204 0.307929
450 4.41435 0.598532
451 4.391416 0.94064
452 4.380256 1.239265
453 4.37034 1.525424
454 4.415017 1.916393
455 4.361997 2.160001
456 4.367508 2.515561
457 4.372956 2.84953
458 4.368773 3.130528
459 4.372305 3.472449
460 4.330063 3.745652
461 4.419723 4.081949
462 4.413975 4.379276
463 4.407046 4.651473
464 4.38034 5.004749
465 4.384557 5.326446
466 4.328238 5.644576
467 4.347062 5.939334
468 4.375706 6.229267
469 4.419356 6.594624
470 4.366786 6.899491
471 4.40287 7.186961
472 4.351172 7.535086
473 4.408204 7.796052
474 4.416295 8.159325
475 4.347776 8.47879
476 4.336199 8.782629
477 4.382279 9.029538
478 4.390916 9.372893
479 4.338617 9.668936
480 4.69494 0.156231
481 4.682043 0.449096
482 4.723749 0.796516
483 4.677725 1.137457
484 4.660154 1.427977
485 4.680459 1.69893
486 4.715088 2.063196
487 4.728708 2.385465
488 4.676134 2.617933
489 4.686078 2.923547
490 4.667458 3.271781
491 4.684424 3.636176
492 4.644107 3.86036
493 4.679831 4.220962
494 4.701388 4.520144
495 4.681907 4.872512
496 4.732139 5.201933
497 4.65982 5.475801
498 4.665565 5.781098
499 4.651725 6.1261
500 4.725823 6.416174
501 4.687617 6.687164
502 4.711946 7.027276
503 4.645396 7.308603
504 4.710077 7.638444
505 4.651359 8.007744
506 4.650533 8.261689
507 4.65965 8.60807
508 4.70802 8.948733
509 4.682134 9.228638
510 4.645509 9.519104
511 4.73277 9.805412
512 5.00954 0.030651 
513 4.963112 0.318901
514 4.998736 0.6035
515 5.015495 0.980114
516 4.982137 1.241573
517 4.962479 1.537057
518 4.95955 1.88615
519 5.030409 2.183713
520 4.979971 2.453161
521 4.981048 2.823947
522 5.016068 3.167394
523 4.978312 3.397836
524 4.953401 3.709342
525 4.956984 4.020479
526 4.991799 4.330708
527 5.018078 4.711869
528 4.997925 5.014783 -20000
529 4.985328 5.285858
530 5.034888 5.657031
531 5.004194 5.906631
532 4.96049 6.259345
533 4.976506 6.603587
534 4.968761 6.868224
535 4.980811 7.190757
536 5.034954 7.491246
537 4.994138 7.853921
538 4.967939 8.148803
539 5.046435 8.469155
540 5.005477 8.762505
541 4.969434 9.060911
542 5.036947 9.360677
543 4.985637 9.714522
544 5.267547 0.126166
545 5.30178 0.455009
546 5.354178 0.827677
547 5.306255 1.111151
548 5.287826 1.370627
549 5.331985 1.739226
550 5.278228 1.998353
551 5.289829 2.356793
552 5.267448 2.700347
553 5.315807 2.99108
554 5.279779 3.317745
555 5.320805 3.596829
556 5.341882 3.866101
557 5.268121 4.243159
558 5.290696 4.569098
559 5.26612 4.84724
560 5.290664 5.169367
561 5.309083 5.500958
562 5.289287 5.749936
563 5.277289 6.050103
564 5.281202 6.427593
565 5.295964 6.750762
566 5.316837 7.057069
567 5.306343 7.296928
568 5.334815 7.630752
569 5.333347 7.944326 1000
570 5.317802 8.318841
571 5.350155 8.609017
572 5.351598 8.951157
573 5.344111 9.211866
574 5.278095 9.518192
575 5.341362 9.865834
576 5.57975 0.037294
577 5.603743 0.346806
578 5.614617 0.607937
579 5.629302 0.964356
580 5.613827 1.219022
581 5.599373 1.604645
582 5.645732 1.83436
583 5.579736 2.163578
584 5.626445 2.526504
585 5.605791 2.815889
586 5.619915 3.121439
587 5.591377 3.43869
588 5.604395 3.703171
589 5.657123 4.08959
590 5.671495 4.375088
591 5.595295 4.733716
592 5.60972 4.953141
593 5.598696 5.296401
594 5.59302 5.601255
595 5.579036 5.964223
596 5.600724 6.213229
597 5.648045 6.559477
598 5.620854 6.850505
599 5.634243 7.170051
600 5.626501 7.472738
601 5.664049 7.782672
602 5.61413 8.138197
603 5.630592 8.404586
604 5.593422 8.772041
605 5.603614 9.023893
606 5.644647 9.348179
607 5.655512 9.690017
608 5.963312 0.13618
609 5.943476 0.467371
610 5.967821 0.804089
611 5.930381 1.094588
612 5.944448 1.393945
613 5.892676 1.722101
614 5.973634 2.062445
615 5.946989 2.382434
616 5.980004 2.691261
617 5.896191 2.998337
618 5.944757 3.27348 1000
619 5.976671 3.553397
620 5.933757 3.892477
621 5.975521 4.256594
622 5.921171 4.520756
623 5.960811 4.856901
624 5.92926 5.191249
625 5.952528 5.514442
626 5.980997 5.805336
627 5.946869 6.057157
628 5.922185 6.386644
629 5.923861 6.756196
630 5.959497 7.018027
631 5.979701 7.351341
632 5.933972 7.6496
633 5.909626 7.942364
634 5.952165 8.306066
635 5.926868 8.613294
636 5.920665 8.892608
637 5.949298 9.262717
638 5.935377 9.554882
639 5.949371 9.860385
640 6.248782 -0.039758
641 6.240694 0.328535
642 6.206691 0.617322
643 6.208887 0.93471
644 6.221693 1.28191
645 6.259216 1.60888
646 6.240199 1.891563
647 6.282023 2.169046
648 6.250863 2.530602
649 6.291276 2.769479
650 6.253168 3.134639
651 6.262233 3.458094
652 6.225202 3.774856
653 6.290598 4.027943
654 6.241664 4.362606 1000
655 6.258299 4.683796
656 6.221969 4.968004
657 6.220793 5.268596
658 6.270922 5.611418
659 6.260064 5.941883
660 6.26855 6.266662
661 6.250302 6.531397
662 6.248278 6.868261
663 6.250332 7.198505
664 6.234589 7.527817
665 6.255173 7.813055 1000
666 6.24575 8.141283
667 6.245656 8.427331
668 6.20726 8.795285
669 6.222166 9.060374
670 6.296493 9.332283
671 6.237893 9.73109
672 6.546598 0.142179
673 6.527208 0.436023
674 6.568092 0.816547
675 6.52808 1.100777
676 6.591272 1.379651
677 6.601412 1.71282
678 6.53113 2.037162
679 6.531939 2.371854
680 6.597015 2.651026
681 6.515781 2.927855 1000
682 6.575401 3.280526
683 6.541337 3.563754
684 6.573668 3.928885
685 6.594287 4.251486 
686 6.541399 4.537025
687 6.52014 4.827256
688 6.54106 5.114152
689 6.587103 5.436639
690 6.528191 5.75222
691 6.565987 6.071255
692 6.517081 6.438883
693 6.60274 6.736373
694 6.549707 7.064984
695 6.595112 7.300152
696 6.569371 7.671389
697 6.595432 8.001232
698 6.562027 8.248111
699 6.554105 8.592218
700 6.577971 8.897346
701 6.601717 9.261918
702 6.544158 9.560706
703 6.542914 9.856579
704 6.881771 0.029001
705 6.848579 0.351613
706 6.899053 0.580935
707 6.888989 0.947322
708 6.886087 1.212397
709 6.882905 1.555734
710 6.871545 1.894393
711 6.832719 2.180705
712 6.849932 2.517573
713 6.916404 2.820825
714 6.884329 3.169214
715 6.888255 3.422942
716 6.876816 3.725769
717 6.849632 4.047615
718 6.832732 4.36907
719 6.867862 4.675557
720 6.916379 5.000128
721 6.893704 5.349127
722 6.832137 5.580912
723 6.828351 5.960758
724 6.845159 6.29355
725 6.892044 6.566934
726 6.846391 6.900269 1000
727 6.842417 7.178662
728 6.860866 7.495992
729 6.870606 7.846337 
730 6.846721 8.0939
731 6.858055 8.409629
732 6.917379 8.755151
733 6.901292 9.073581
734 6.858595 9.345217
735 6.913428 9.728999
736 7.226263 0.154551
737 7.220808 0.487295 1000
738 7.169219 0.754821
739 7.171848 1.091604
740 7.231064 1.376479 
741 7.195004 1.698863
742 7.199177 2.053423
743 7.216295 2.368858
744 7.142446 2.664102
745 7.1896 3.015362
746 7.232768 3.236517
747 7.169969 3.598894
748 7.152374 3.868707
749 7.203479 4.235882
750 7.19858 4.547428
751 7.197117 4.879076
752 7.172619 5.128451
753 7.14415 5.459374
754 7.21353 5.78088
755 7.177779 6.104083
756 7.222877 6.42942
757 7.156162 6.717663
758 7.175357 7.027117
759 7.209168 7.312767
760 7.153684 7.658632
761 7.156819 7.927831
762 7.198691 8.236401
763 7.17965 8.552906
764 7.207987 8.921867
765 7.205643 9.226747
766 7.223088 9.559501
767 7.160732 9.83462
768 7.541633 -0.012086
769 7.517721 0.344709
770 7.503152 0.59953
771 7.502085 0.920754
772 7.505624 1.237562
773 7.53151 1.591199
774 7.49471 1.868852
775 7.48057 2.209892
776 7.539636 2.500574
777 7.497754 2.787804
778 7.471761 3.113236 1000
779 7.535541 3.464856
780 7.468453 3.706349
781 7.471914 4.098787
782 7.457186 4.345638
783 7.545126 4.72919 
784 7.476944 4.968183
785 7.469208 5.322479
786 7.48228 5.646241
787 7.479048 5.919064
788 7.48303 6.270929
789 7.506352 6.571034
790 7.463787 6.862228
791 7.518052 7.180116
792 7.49242 7.490047
793 7.502634 7.822284 
794 7.510051 8.169181
795 7.525912 8.401527
796 7.521487 8.793443 1000
797 7.489271 9.023139
798 7.53943 9.335575
799 7.518757 9.667016
800 7.76899 0.171368
801 7.766037 0.439654
802 7.822295 0.792906
803 7.859284 1.079496
804 7.816186 1.42605
805 7.827227 1.727728
806 7.845557 2.045837
807 7.804454 2.329674
808 7.854309 2.648014
809 7.834821 2.996025
810 7.778667 3.29534
811 7.84799 3.627367
812 7.833265 3.949411
813 7.819924 4.213219
814 7.801955 4.53022
815 7.771524 4.877076
816 7.770528 5.122639
817 7.768032 5.465109
818 7.773583 5.780634
819 7.777306 6.08255
820 7.77377 6.430617
821 7.789364 6.715464
822 7.773598 7.020452
823 7.828012 7.365094
824 7.770167 7.644083
825 7.77011 8.013847
826 7.783694 8.277167
827 7.847021 8.568654
828 7.844722 8.878795
829 7.77835 9.244499
830 7.795801 9.500015
831 7.81236 9.886201
832 8.088439 0.035716
833 8.093295 0.295261
834 8.150202 0.638544
835 8.131238 0.947913
836 8.134986 1.266338
837 8.145538 1.569031
838 8.167579 1.89865
839 8.10302 2.156156
840 8.149966 2.497762
841 8.090373 2.824519
842 8.117452 3.132793
843 8.103566 3.406534
844 8.114947 3.765659
845 8.149881 4.052284
846 8.166869 4.349654
847 8.151372 4.655915
848 8.133637 4.982889
849 8.124177 5.311496
850 8.165936 5.608943
851 8.162418 5.923421
852 8.149085 6.292055
853 8.079813 6.522144
854 8.161722 6.847982
855 8.118174 7.213087
856 8.079167 7.471895
857 8.163162 7.850933
858 8.12385 8.124217
859 8.092696 8.445671
860 8.155582 8.780652
861 8.156236 9.068897
862 8.165688 9.419669
863 8.138398 9.658345
864 8.439843 0.156475
865 8.47573 0.433792
866 8.456725 0.743916
867 8.463568 1.04793
868 8.428116 1.410285
869 8.409467 1.764081
870 8.482295 2.073612
871 8.4839 2.306076
872 8.428673 2.62776
873 8.469086 2.945011
874 8.476479 3.272528
875 8.4684 3.60722
876 8.410533 3.898365
877 8.466751 4.253099
878 8.417997 4.492922
879 8.434931 4.882897
880 8.464801 5.120152
881 8.415363 5.480571
882 8.474029 5.77519
883 8.477808 6.113562
884 8.406746 6.364325
885 8.445163 6.721377
886 8.453834 7.070904
887 8.414685 7.300985
888 8.461238 7.622288
889 8.41255 7.998169
890 8.414823 8.264575
891 8.474504 8.625823
892 8.446243 8.896786
893 8.445407 9.206257
894 8.449006 9.540648
895 8.48391 9.833171
896 8.761796 0.000894
897 8.710211 0.270737
898 8.714221 0.605252
899 8.753221 0.906216
900 8.746393 1.291372
901 8.746249 1.589424
902 8.727264 1.911772
903 8.713153 2.148598
904 8.70756 2.467924
905 8.754448 2.811798
906 8.776606 3.110344
907 8.785579 3.483574
908 8.758107 3.745188
909 8.740658 4.095652
910 8.728683 4.340916
911 8.776717 4.662311
912 8.718823 5.017171
913 8.734553 5.273534
914 8.705184 5.660998
915 8.785385 5.907904
916 8.749575 6.215366
917 8.750716 6.57014
918 8.752257 6.893764
919 8.777861 7.163942
920 8.79232 7.537964
921 8.774165 7.800065
922 8.725555 8.160731
923 8.767675 8.41932
924 8.762901 8.762522
925 8.713877 9.041627
926 8.710821 9.391504
927 8.788334 9.649373
928 9.042165 0.132877
929 9.108555 0.440062
930 9.071088 0.736493
931 9.02336 1.067449
932 9.080306 1.361666
933 9.040401 1.696118
934 9.058945 2.038379
935 9.054265 2.389124
936 9.104589 2.670869
937 9.107436 2.948244
938 9.048074 3.269429
939 9.055265 3.626783
940 9.059327 3.875262 1000
941 9.096012 4.190814
942 9.087256 4.561792
943 9.078044 4.808719
944 9.064525 5.181573
945 9.105477 5.46737
946 9.067472 5.750181
947 9.05804 6.080877
948 9.022444 6.401536
949 9.029473 6.732241
950 9.037449 6.99136
951 9.044725 7.383143
952 9.017901 7.658679
953 9.06125 7.957108
954 9.065823 8.324143
955 9.034631 8.601731
956 9.080649 8.915187
957 9.069436 9.264908
958 9.024884 9.526892
959 9.022704 9.81056
960 9.366188 -0.019922
961 9.37138 0.296213
962 9.375938 0.61181
963 9.390402 0.970904
964 9.328971 1.277644
965 9.385558 1.607057
966 9.405183 1.879872
967 9.399129 2.218156
968 9.413873 2.472775
969 9.404367 2.796355
970 9.386902 3.169022
971 9.395642 3.412513
972 9.411846 3.771218
973 9.382822 4.021396
974 9.355008 4.344703
975 9.380686 4.66596
976 9.374276 4.96462
977 9.420143 5.282054
978 9.38556 5.650153
979 9.365103 5.942587
980 9.404354 6.227958
981 9.355209 6.60535
982 9.339374 6.895369
983 9.336606 7.177739
984 9.365058 7.506073
985 9.378791 7.854366
986 9.334645 8.166558
987 9.35958 8.431507
988 9.385786 8.707398
989 9.377255 9.099945
990 9.381602 9.381195
991 9.379211 9.654611
992 9.687568 0.181015
993 9.708392 0.514988
994 9.693945 0.790449
995 9.733245 1.069062
996 9.703413 1.367078
997 9.650757 1.745311
998 9.646655 2.044502
999 9.652085 2.333935
1000 9.686422 2.651604
1001 9.712518 3.007958
1002 9.705796 3.283316
1003 9.676501 3.630176
1004 9.719848 3.901662
1005 9.694953 4.181197
1006 9.657946 4.499591
1007 9.703042 4.805227
1008 9.660643 5.171752
1009 9.714092 5.489321
1010 9.69794 5.734997
1011 9.676224 6.072129
1012 9.715672 6.369202
1013 9.670263 6.702452
1014 9.649396 6.98447
1015 9.679565 7.357414
1016 9.686667 7.690562
1017 9.730577 7.937988
1018 9.669371 8.247628
1019 9.68836 8.620141
1020 9.662187 8.925407
1021 9.657328 9.194109
1022 9.649725 9.550996
1023 9.679508 9.855228
#
0 8 
8 0
0 14 
14 0
0 64 
64 0
0 32 
32 0
0 1 
1 0
0 2 
2 0
0 3 
3 0
0 4 
4 0
1 2 
2 1
1 32 
32 1
1 33 
33 1
2 33 
33 2
2 34 
34 2
2 3 
3 2
3 4 
4 3
3 34 
34 3
3 35 
35 3
4 8 
8 4
4 35 
35 4
4 36 
36 4
4 5 
5 4
4 6 
6 4
5 6 
6 5
5 36 
36 5
5 37 
37 5
6 8 
8 6
6 37 
37 6
6 38 
38 6
6 7 
7 6
7 8 
8 7
7 38 
38 7
7 39 
39 7
8 39 
39 8
8 40 
40 8
8 9 
9 8
8 10 
10 8
8 11 
11 8
8 14 
14 8
9 10 
10 9
9 40 
40 9
9 41 
41 9
10 41 
41 10
10 42 
42 10
10 11 
11 10
11 14 
14 11
11 42 
42 11
11 43 
43 11
11 12 
12 11
12 14 
14 12
12 43 
43 12
12 44 
44 12
12 13 
13 12
13 14 
14 13
13 44 
44 13
13 45 
45 13
14 45 
45 14
14 46 
46 14
14 15 
15 14
14 17 
17 14
14 24 
24 14
14 28 
28 14
15 17 
17 15
15 46 
46 15
15 47 
47 15
15 16 
16 15
16 17 
17 16
16 47 
47 16
16 48 
48 16
17 24 
24 17
17 48 
48 17
17 49 
49 17
17 18 
18 17
17 20 
20 17
18 49 
49 18
18 50 
50 18
18 19 
19 18
18 20 
20 18
19 20 
20 19
19 50 
50 19
19 51 
51 19
20 24 
24 20
20 51 
51 20
20 52 
52 20
20 21 
21 20
20 23 
23 20
21 23 
23 21
21 52 
52 21
21 53 
53 21
21 22 
22 21
22 23 
23 22
22 53 
53 22
22 54 
54 22
23 24 
24 23
23 54 
54 23
23 55 
55 23
24 28 
28 24
24 55 
55 24
24 56 
56 24
24 25 
25 24
24 26 
26 24
25 26 
26 25
25 56 
56 25
25 57 
57 25
26 27 
27 26
26 28 
28 26
26 57 
57 26
26 58 
58 26
27 58 
58 27
27 59 
59 27
27 28 
28 27
28 59 
59 28
28 60 
60 28
28 29 
29 28
28 30 
30 28
29 30 
30 29
29 60 
60 29
29 61 
61 29
30 61 
61 30
30 62 
62 30
30 31 
31 30
31 62 
62 31
31 63 
63 31
32 64 
64 32
32 65 
65 32
32 33 
33 32
33 34 
34 33
33 65 
65 33
33 66 
66 33
34 66 
66 34
34 67 
67 34
34 35 
35 34
35 36 
36 35
35 67 
67 35
35 68 
68 35
36 68 
68 36
36 69 
69 36
36 37 
37 36
37 69 
69 37
37 70 
70 37
37 38 
38 37
38 39 
39 38
38 70 
70 38
38 71 
71 38
39 40 
40 39
39 71 
71 39
39 72 
72 39
40 72 
72 40
40 73 
73 40
40 41 
41 40
41 42 
42 41
41 73 
73 41
41 74 
74 41
42 74 
74 42
42 75 
75 42
42 43 
43 42
43 75 
75 43
43 76 
76 43
43 44 
44 43
44 76 
76 44
44 77 
77 44
44 45 
45 44
45 46 
46 45
45 77 
77 45
45 78 
78 45
46 78 
78 46
46 79 
79 46
46 47 
47 46
47 48 
48 47
47 79 
79 47
47 80 
80 47
48 80 
80 48
48 81 
81 48
48 49 
49 48
49 50 
50 49
49 81 
81 49
49 82 
82 49
50 51 
51 50
50 82 
82 50
50 83 
83 50
51 52 
52 51
51 83 
83 51
51 84 
84 51
52 84 
84 52
52 85 
85 52
52 53 
53 52
53 54 
54 53
53 85 
85 53
53 86 
86 53
54 86 
86 54
54 87 
87 54
54 55 
55 54
55 56 
56 55
55 87 
87 55
55 88 
88 55
56 88 
88 56
56 89 
89 56
56 57 
57 56
57 58 
58 57
57 89 
89 57
57 90 
90 57
58 90 
90 58
58 91 
91 58
58 59 
59 58
59 60 
60 59
59 91 
91 59
59 92 
92 59
60 92 
92 60
60 93 
93 60
60 61 
61 60
61 62 
62 61
61 93 
93 61
61 94 
94 61
62 63 
63 62
62 94 
94 62
62 95 
95 62
63 95 
95 63
63 127 
127 63
63 191 
191 63
64 65 
65 64
64 128 
128 64
64 96 
96 64
65 96 
96 65
65 97 
97 65
65 66 
66 65
66 67 
67 66
66 97 
97 66
66 98 
98 66
67 98 
98 67
67 99 
99 67
67 68 
68 67
68 69 
69 68
68 99 
99 68
68 100 
100 68
69 100 
100 69
69 101 
101 69
69 70 
70 69
70 71 
71 70
70 101 
101 70
70 102 
102 70
71 102 
102 71
71 103 
103 71
71 72 
72 71
72 73 
73 72
72 103 
103 72
72 104 
104 72
73 104 
104 73
73 105 
105 73
73 74 
74 73
74 105 
105 74
74 106 
106 74
74 75 
75 74
75 76 
76 75
75 106 
106 75
75 107 
107 75
76 107 
107 76
76 108 
108 76
76 77 
77 76
77 78 
78 77
77 108 
108 77
77 109 
109 77
78 109 
109 78
78 110 
110 78
78 79 
79 78
79 110 
110 79
79 111 
111 79
79 80 
80 79
80 81 
81 80
80 111 
111 80
80 112 
112 80
81 112 
112 81
81 113 
113 81
81 82 
82 81
82 113 
113 82
82 114 
114 82
82 83 
83 82
83 84 
84 83
83 114 
114 83
83 115 
115 83
84 115 
115 84
84 116 
116 84
84 85 
85 84
85 116 
116 85
85 117 
117 85
85 86 
86 85
86 87 
87 86
86 117 
117 86
86 118 
118 86
87 118 
118 87
87 119 
119 87
87 88 
88 87
88 89 
89 88
88 119 
119 88
88 120 
120 88
89 120 
120 89
89 121 
121 89
89 90 
90 89
90 121 
121 90
90 122 
122 90
90 91 
91 90
91 92 
92 91
91 122 
122 91
91 123 
123 91
92 123 
123 92
92 124 
124 92
92 93 
93 92
93 124 
124 93
93 125 
125 93
93 94 
94 93
94 95 
95 94
94 125 
125 94
94 126 
126 94
95 126 
126 95
95 127 
127 95
96 128 
128 96
96 129 
129 96
96 97 
97 96
97 98 
98 97
97 129 
129 97
97 130 
130 97
98 130 
130 98
98 131 
131 98
98 99 
99 98
99 100 
100 99
99 131 
131 99
99 132 
132 99
100 132 
132 100
100 133 
133 100
100 101 
101 100
101 133 
133 101
101 134 
134 101
101 102 
102 101
102 134 
134 102
102 135 
135 102
102 103 
103 102
103 104 
104 103
103 135 
135 103
103 136 
136 103
104 136 
136 104
104 137 
137 104
104 105 
105 104
105 106 
106 105
105 137 
137 105
105 138 
138 105
106 138 
138 106
106 139 
139 106
106 107 
107 106
107 108 
108 107
107 139 
139 107
107 140 
140 107
108 140 
140 108
108 141 
141 108
108 109 
109 108
109 110 
110 109
109 141 
141 109
109 142 
142 109
110 111 
111 110
110 142 
142 110
110 143 
143 110
111 143 
143 111
111 144 
144 111
111 112 
112 111
112 113 
113 112
112 144 
144 112
112 145 
145 112
113 145 
145 113
113 146 
146 113
113 114 
114 113
114 115 
115 114
114 146 
146 114
114 147 
147 114
115 147 
147 115
115 148 
148 115
115 116 
116 115
116 117 
117 116
116 148 
148 116
116 149 
149 116
117 149 
149 117
117 150 
150 117
117 118 
118 117
118 150 
150 118
118 151 
151 118
118 119 
119 118
119 120 
120 119
119 151 
151 119
119 152 
152 119
120 121 
121 120
120 152 
152 120
120 153 
153 120
121 153 
153 121
121 154 
154 121
121 122 
122 121
122 154 
154 122
122 155 
155 122
122 123 
123 122
123 124 
124 123
123 155 
155 123
123 156 
156 123
124 156 
156 124
124 157 
157 124
124 125 
125 124
125 157 
157 125
125 158 
158 125
125 126 
126 125
126 127 
127 126
126 158 
158 126
126 159 
159 126
127 159 
159 127
127 191 
191 127
128 129 
129 128
128 192 
192 128
128 160 
160 128
129 160 
160 129
129 161 
161 129
129 130 
130 129
130 161 
161 130
130 162 
162 130
130 131 
131 130
131 132 
132 131
131 162 
162 131
131 163 
163 131
132 163 
163 132
132 164 
164 132
132 133 
133 132
133 134 
134 133
133 164 
164 133
133 165 
165 133
134 165 
165 134
134 166 
166 134
134 135 
135 134
135 166 
166 135
135 167 
167 135
135 136 
136 135
136 137 
137 136
136 167 
167 136
136 168 
168 136
137 168 
168 137
137 169 
169 137
137 138 
138 137
138 139 
139 138
138 169 
169 138
138 170 
170 138
139 170 
170 139
139 171 
171 139
139 140 
140 139
140 141 
141 140
140 171 
171 140
140 172 
172 140
141 172 
172 141
141 173 
173 141
141 142 
142 141
142 143 
143 142
142 173 
173 142
142 174 
174 142
143 174 
174 143
143 175 
175 143
143 144 
144 143
144 145 
145 144
144 175 
175 144
144 176 
176 144
145 146 
146 145
145 176 
176 145
145 177 
177 145
146 177 
177 146
146 178 
178 146
146 147 
147 146
147 148 
148 147
147 178 
178 147
147 179 
179 147
148 149 
149 148
148 179 
179 148
148 180 
180 148
149 180 
180 149
149 181 
181 149
149 150 
150 149
150 151 
151 150
150 181 
181 150
150 182 
182 150
151 182 
182 151
151 183 
183 151
151 152 
152 151
152 153 
153 152
152 183 
183 152
152 184 
184 152
153 154 
154 153
153 184 
184 153
153 185 
185 153
154 185 
185 154
154 186 
186 154
154 155 
155 154
155 156 
156 155
155 186 
186 155
155 187 
187 155
156 157 
157 156
156 187 
187 156
156 188 
188 156
157 188 
188 157
157 189 
189 157
157 158 
158 157
158 159 
159 158
158 189 
189 158
158 190 
190 158
159 190 
190 159
159 191 
191 159
160 161 
161 160
160 192 
192 160
160 193 
193 160
161 162 
162 161
161 193 
193 161
161 194 
194 161
162 194 
194 162
162 195 
195 162
162 163 
163 162
163 164 
164 163
163 195 
195 163
163 196 
196 163
164 165 
165 164
164 196 
196 164
164 197 
197 164
165 197 
197 165
165 198 
198 165
165 166 
166 165
166 167 
167 166
166 198 
198 166
166 199 
199 166
167 168 
168 167
167 199 
199 167
167 200 
200 167
168 169 
169 168
168 200 
200 168
168 201 
201 168
169 201 
201 169
169 202 
202 169
169 170 
170 169
170 171 
171 170
170 202 
202 170
170 203 
203 170
171 203 
203 171
171 204 
204 171
171 172 
172 171
172 204 
204 172
172 205 
205 172
172 173 
173 172
173 205 
205 173
173 206 
206 173
173 174 
174 173
174 206 
206 174
174 207 
207 174
174 175 
175 174
175 207 
207 175
175 208 
208 175
175 176 
176 175
176 177 
177 176
176 208 
208 176
176 209 
209 176
177 209 
209 177
177 210 
210 177
177 178 
178 177
178 179 
179 178
178 210 
210 178
178 211 
211 178
179 211 
211 179
179 212 
212 179
179 180 
180 179
180 212 
212 180
180 213 
213 180
180 181 
181 180
181 213 
213 181
181 214 
214 181
181 182 
182 181
182 183 
183 182
182 214 
214 182
182 215 
215 182
183 215 
215 183
183 216 
216 183
183 184 
184 183
184 185 
185 184
184 216 
216 184
184 217 
217 184
185 217 
217 185
185 218 
218 185
185 186 
186 185
186 187 
187 186
186 218 
218 186
186 219 
219 186
187 188 
188 187
187 219 
219 187
187 220 
220 187
188 220 
220 188
188 221 
221 188
188 189 
189 188
189 190 
190 189
189 221 
221 189
189 222 
222 189
190 191 
191 190
190 222 
222 190
190 223 
223 190
191 223 
223 191
191 255 
255 191
191 319 
319 191
192 640 
640 192
192 320 
320 192
192 256 
256 192
192 224 
224 192
192 193 
193 192
193 194 
194 193
193 224 
224 193
193 225 
225 193
194 195 
195 194
194 225 
225 194
194 226 
226 194
195 226 
226 195
195 227 
227 195
195 196 
196 195
196 197 
197 196
196 227 
227 196
196 228 
228 196
197 198 
198 197
197 228 
228 197
197 229 
229 197
198 229 
229 198
198 230 
230 198
198 199 
199 198
199 200 
200 199
199 230 
230 199
199 231 
231 199
200 231 
231 200
200 232 
232 200
200 201 
201 200
201 202 
202 201
201 232 
232 201
201 233 
233 201
202 203 
203 202
202 233 
233 202
202 234 
234 202
203 234 
234 203
203 235 
235 203
203 204 
204 203
204 205 
205 204
204 235 
235 204
204 236 
236 204
205 236 
236 205
205 237 
237 205
205 206 
206 205
206 207 
207 206
206 237 
237 206
206 238 
238 206
207 238 
238 207
207 239 
239 207
207 208 
208 207
208 209 
209 208
208 239 
239 208
208 240 
240 208
209 240 
240 209
209 241 
241 209
209 210 
210 209
210 211 
211 210
210 241 
241 210
210 242 
242 210
211 242 
242 211
211 243 
243 211
211 212 
212 211
212 243 
243 212
212 244 
244 212
212 213 
213 212
213 244 
244 213
213 245 
245 213
213 214 
214 213
214 215 
215 214
214 245 
245 214
214 246 
246 214
215 246 
246 215
215 247 
247 215
215 216 
216 215
216 217 
217 216
216 247 
247 216
216 248 
248 216
217 248 
248 217
217 249 
249 217
217 218 
218 217
218 219 
219 218
218 249 
249 218
218 250 
250 218
219 220 
220 219
219 250 
250 219
219 251 
251 219
220 251 
251 220
220 252 
252 220
220 221 
221 220
221 252 
252 221
221 253 
253 221
221 222 
222 221
222 223 
223 222
222 253 
253 222
222 254 
254 222
223 254 
254 223
223 255 
255 223
224 256 
256 224
224 257 
257 224
224 225 
225 224
225 257 
257 225
225 258 
258 225
225 226 
226 225
226 227 
227 226
226 258 
258 226
226 259 
259 226
227 228 
228 227
227 259 
259 227
227 260 
260 227
228 260 
260 228
228 261 
261 228
228 229 
229 228
229 230 
230 229
229 261 
261 229
229 262 
262 229
230 231 
231 230
230 262 
262 230
230 263 
263 230
231 232 
232 231
231 263 
263 231
231 264 
264 231
232 264 
264 232
232 265 
265 232
232 233 
233 232
233 234 
234 233
233 265 
265 233
233 266 
266 233
234 235 
235 234
234 266 
266 234
234 267 
267 234
235 267 
267 235
235 268 
268 235
235 236 
236 235
236 268 
268 236
236 269 
269 236
236 237 
237 236
237 269 
269 237
237 270 
270 237
237 238 
238 237
238 270 
270 238
238 271 
271 238
238 239 
239 238
239 240 
240 239
239 271 
271 239
239 272 
272 239
240 272 
272 240
240 273 
273 240
240 241 
241 240
241 242 
242 241
241 273 
273 241
241 274 
274 241
242 274 
274 242
242 275 
275 242
242 243 
243 242
243 275 
275 243
243 276 
276 243
243 244 
244 243
244 276 
276 244
244 277 
277 244
244 245 
245 244
245 246 
246 245
245 277 
277 245
245 278 
278 245
246 247 
247 246
246 278 
278 246
246 279 
279 246
247 248 
248 247
247 279 
279 247
247 280 
280 247
248 280 
280 248
248 281 
281 248
248 249 
249 248
249 281 
281 249
249 282 
282 249
249 250 
250 249
250 282 
282 250
250 283 
283 250
250 251 
251 250
251 252 
252 251
251 283 
283 251
251 284 
284 251
252 284 
284 252
252 285 
285 252
252 253 
253 252
253 254 
254 253
253 285 
285 253
253 286 
286 253
254 286 
286 254
254 287 
287 254
254 255 
255 254
255 287 
287 255
255 319 
319 255
256 257 
257 256
256 320 
320 256
256 288 
288 256
257 288 
288 257
257 289 
289 257
257 258 
258 257
258 289 
289 258
258 290 
290 258
258 259 
259 258
259 290 
290 259
259 291 
291 259
259 260 
260 259
260 261 
261 260
260 291 
291 260
260 292 
292 260
261 292 
292 261
261 293 
293 261
261 262 
262 261
262 263 
263 262
262 293 
293 262
262 294 
294 262
263 294 
294 263
263 295 
295 263
263 264 
264 263
264 295 
295 264
264 296 
296 264
264 265 
265 264
265 266 
266 265
265 296 
296 265
265 297 
297 265
266 297 
297 266
266 298 
298 266
266 267 
267 266
267 268 
268 267
267 298 
298 267
267 299 
299 267
268 299 
299 268
268 300 
300 268
268 269 
269 268
269 300 
300 269
269 301 
301 269
269 270 
270 269
270 271 
271 270
270 301 
301 270
270 302 
302 270
271 302 
302 271
271 303 
303 271
271 272 
272 271
272 273 
273 272
272 303 
303 272
272 304 
304 272
273 304 
304 273
273 305 
305 273
273 274 
274 273
274 305 
305 274
274 306 
306 274
274 275 
275 274
275 276 
276 275
275 306 
306 275
275 307 
307 275
276 307 
307 276
276 308 
308 276
276 277 
277 276
277 308 
308 277
277 309 
309 277
277 278 
278 277
278 279 
279 278
278 309 
309 278
278 310 
310 278
279 310 
310 279
279 311 
311 279
279 280 
280 279
280 281 
281 280
280 311 
311 280
280 312 
312 280
281 282 
282 281
281 312 
312 281
281 313 
313 281
282 313 
313 282
282 314 
314 282
282 283 
283 282
283 314 
314 283
283 315 
315 283
283 284 
284 283
284 285 
285 284
284 315 
315 284
284 316 
316 284
285 286 
286 285
285 316 
316 285
285 317 
317 285
286 317 
317 286
286 318 
318 286
286 287 
287 286
287 318 
318 287
287 319 
319 287
288 320 
320 288
288 321 
321 288
288 289 
289 288
289 290 
290 289
289 321 
321 289
289 322 
322 289
290 322 
322 290
290 323 
323 290
290 291 
291 290
291 323 
323 291
291 324 
324 291
291 292 
292 291
292 324 
324 292
292 325 
325 292
292 293 
293 292
293 294 
294 293
293 325 
325 293
293 326 
326 293
294 295 
295 294
294 326 
326 294
294 327 
327 294
295 327 
327 295
295 328 
328 295
295 296 
296 295
296 297 
297 296
296 328 
328 296
296 329 
329 296
297 329 
329 297
297 330 
330 297
297 298 
298 297
298 299 
299 298
298 330 
330 298
298 331 
331 298
299 300 
300 299
299 331 
331 299
299 332 
332 299
300 332 
332 300
300 333 
333 300
300 301 
301 300
301 333 
333 301
301 334 
334 301
301 302 
302 301
302 303 
303 302
302 334 
334 302
302 335 
335 302
303 304 
304 303
303 335 
335 303
303 336 
336 303
304 336 
336 304
304 337 
337 304
304 305 
305 304
305 306 
306 305
305 337 
337 305
305 338 
338 305
306 338 
338 306
306 339 
339 306
306 307 
307 306
307 308 
308 307
307 339 
339 307
307 340 
340 307
308 340 
340 308
308 341 
341 308
308 309 
309 308
309 341 
341 309
309 342 
342 309
309 310 
310 309
310 311 
311 310
310 342 
342 310
310 343 
343 310
311 343 
343 311
311 344 
344 311
311 312 
312 311
312 313 
313 312
312 344 
344 312
312 345 
345 312
313 314 
314 313
313 345 
345 313
313 346 
346 313
314 346 
346 314
314 347 
347 314
314 315 
315 314
315 316 
316 315
315 347 
347 315
315 348 
348 315
316 348 
348 316
316 349 
349 316
316 317 
317 316
317 318 
318 317
317 349 
349 317
317 350 
350 317
318 319 
319 318
318 350 
350 318
318 351 
351 318
319 351 
351 319
319 383 
383 319
319 831 
831 319
320 640 
640 320
320 384 
384 320
320 352 
352 320
320 321 
321 320
321 322 
322 321
321 352 
352 321
321 353 
353 321
322 353 
353 322
322 354 
354 322
322 323 
323 322
323 324 
324 323
323 354 
354 323
323 355 
355 323
324 325 
325 324
324 355 
355 324
324 356 
356 324
325 356 
356 325
325 357 
357 325
325 326 
326 325
326 327 
327 326
326 357 
357 326
326 358 
358 326
327 328 
328 327
327 358 
358 327
327 359 
359 327
328 359 
359 328
328 360 
360 328
328 329 
329 328
329 330 
330 329
329 360 
360 329
329 361 
361 329
330 361 
361 330
330 362 
362 330
330 331 
331 330
331 332 
332 331
331 362 
362 331
331 363 
363 331
332 363 
363 332
332 364 
364 332
332 333 
333 332
333 334 
334 333
333 364 
364 333
333 365 
365 333
334 365 
365 334
334 366 
366 334
334 335 
335 334
335 336 
336 335
335 366 
366 335
335 367 
367 335
336 367 
367 336
336 368 
368 336
336 337 
337 336
337 368 
368 337
337 369 
369 337
337 338 
338 337
338 339 
339 338
338 369 
369 338
338 370 
370 338
339 340 
340 339
339 370 
370 339
339 371 
371 339
340 371 
371 340
340 372 
372 340
340 341 
341 340
341 372 
372 341
341 373 
373 341
341 342 
342 341
342 343 
343 342
342 373 
373 342
342 374 
374 342
343 374 
374 343
343 375 
375 343
343 344 
344 343
344 345 
345 344
344 375 
375 344
344 376 
376 344
345 376 
376 345
345 377 
377 345
345 346 
346 345
346 377 
377 346
346 378 
378 346
346 347 
347 346
347 348 
348 347
347 378 
378 347
347 379 
379 347
348 379 
379 348
348 380 
380 348
348 349 
349 348
349 350 
350 349
349 380 
380 349
349 381 
381 349
350 351 
351 350
350 381 
381 350
350 382 
382 350
351 382 
382 351
351 383 
383 351
352 353 
353 352
352 384 
384 352
352 385 
385 352
353 385 
385 353
353 386 
386 353
353 354 
354 353
354 355 
355 354
354 386 
386 354
354 387 
387 354
355 356 
356 355
355 387 
387 355
355 388 
388 355
356 388 
388 356
356 389 
389 356
356 357 
357 356
357 358 
358 357
357 389 
389 357
357 390 
390 357
358 390 
390 358
358 391 
391 358
358 359 
359 358
359 391 
391 359
359 392 
392 359
359 360 
360 359
360 361 
361 360
360 392 
392 360
360 393 
393 360
361 393 
393 361
361 394 
394 361
361 362 
362 361
362 363 
363 362
362 394 
394 362
362 395 
395 362
363 395 
395 363
363 396 
396 363
363 364 
364 363
364 365 
365 364
364 396 
396 364
364 397 
397 364
365 397 
397 365
365 398 
398 365
365 366 
366 365
366 367 
367 366
366 398 
398 366
366 399 
399 366
367 368 
368 367
367 399 
399 367
367 400 
400 367
368 400 
400 368
368 401 
401 368
368 369 
369 368
369 401 
401 369
369 402 
402 369
369 370 
370 369
370 371 
371 370
370 402 
402 370
370 403 
403 370
371 403 
403 371
371 404 
404 371
371 372 
372 371
372 404 
404 372
372 405 
405 372
372 373 
373 372
373 374 
374 373
373 405 
405 373
373 406 
406 373
374 375 
375 374
374 406 
406 374
374 407 
407 374
375 407 
407 375
375 408 
408 375
375 376 
376 375
376 408 
408 376
376 409 
409 376
376 377 
377 376
377 378 
378 377
377 409 
409 377
377 410 
410 377
378 410 
410 378
378 411 
411 378
378 379 
379 378
379 380 
380 379
379 411 
411 379
379 412 
412 379
380 412 
412 380
380 413 
413 380
380 381 
381 380
381 382 
382 381
381 413 
413 381
381 414 
414 381
382 414 
414 382
382 415 
415 382
382 383 
383 382
383 415 
415 383
383 447 
447 383
383 575 
575 383
383 831 
831 383
384 640 
640 384
384 512 
512 384
384 448 
448 384
384 416 
416 384
384 385 
385 384
385 386 
386 385
385 416 
416 385
385 417 
417 385
386 417 
417 386
386 418 
418 386
386 387 
387 386
387 418 
418 387
387 419 
419 387
387 388 
388 387
388 389 
389 388
388 419 
419 388
388 420 
420 388
389 420 
420 389
389 421 
421 389
389 390 
390 389
390 391 
391 390
390 421 
421 390
390 422 
422 390
391 392 
392 391
391 422 
422 391
391 423 
423 391
392 423 
423 392
392 424 
424 392
392 393 
393 392
393 394 
394 393
393 424 
424 393
393 425 
425 393
394 425 
425 394
394 426 
426 394
394 395 
395 394
395 426 
426 395
395 427 
427 395
395 396 
396 395
396 397 
397 396
396 427 
427 396
396 428 
428 396
397 428 
428 397
397 429 
429 397
397 398 
398 397
398 399 
399 398
398 429 
429 398
398 430 
430 398
399 400 
400 399
399 430 
430 399
399 431 
431 399
400 401 
401 400
400 431 
431 400
400 432 
432 400
401 432 
432 401
401 433 
433 401
401 402 
402 401
402 403 
403 402
402 433 
433 402
402 434 
434 402
403 434 
434 403
403 435 
435 403
403 404 
404 403
404 435 
435 404
404 436 
436 404
404 405 
405 404
405 406 
406 405
405 436 
436 405
405 437 
437 405
406 407 
407 406
406 437 
437 406
406 438 
438 406
407 408 
408 407
407 438 
438 407
407 439 
439 407
408 439 
439 408
408 440 
440 408
408 409 
409 408
409 440 
440 409
409 441 
441 409
409 410 
410 409
410 441 
441 410
410 442 
442 410
410 411 
411 410
411 412 
412 411
411 442 
442 411
411 443 
443 411
412 443 
443 412
412 444 
444 412
412 413 
413 412
413 414 
414 413
413 444 
444 413
413 445 
445 413
414 445 
445 414
414 446 
446 414
414 415 
415 414
415 446 
446 415
415 447 
447 415
416 448 
448 416
416 449 
449 416
416 417 
417 416
417 418 
418 417
417 449 
449 417
417 450 
450 417
418 450 
450 418
418 451 
451 418
418 419 
419 418
419 420 
420 419
419 451 
451 419
419 452 
452 419
420 421 
421 420
420 452 
452 420
420 453 
453 420
421 453 
453 421
421 454 
454 421
421 422 
422 421
422 454 
454 422
422 455 
455 422
422 423 
423 422
423 424 
424 423
423 455 
455 423
423 456 
456 423
424 425 
425 424
424 456 
456 424
424 457 
457 424
425 457 
457 425
425 458 
458 425
425 426 
426 425
426 458 
458 426
426 459 
459 426
426 427 
427 426
427 459 
459 427
427 460 
460 427
427 428 
428 427
428 429 
429 428
428 460 
460 428
428 461 
461 428
429 461 
461 429
429 462 
462 429
429 430 
430 429
430 431 
431 430
430 462 
462 430
430 463 
463 430
431 463 
463 431
431 464 
464 431
431 432 
432 431
432 464 
464 432
432 465 
465 432
432 433 
433 432
433 434 
434 433
433 465 
465 433
433 466 
466 433
434 466 
466 434
434 467 
467 434
434 435 
435 434
435 436 
436 435
435 467 
467 435
435 468 
468 435
436 468 
468 436
436 469 
469 436
436 437 
437 436
437 438 
438 437
437 469 
469 437
437 470 
470 437
438 470 
470 438
438 471 
471 438
438 439 
439 438
439 471 
471 439
439 472 
472 439
439 440 
440 439
440 472 
472 440
440 473 
473 440
440 441 
441 440
441 442 
442 441
441 473 
473 441
441 474 
474 441
442 474 
474 442
442 475 
475 442
442 443 
443 442
443 444 
444 443
443 475 
475 443
443 476 
476 443
444 445 
445 444
444 476 
476 444
444 477 
477 444
445 477 
477 445
445 478 
478 445
445 446 
446 445
446 447 
447 446
446 478 
478 446
446 479 
479 446
447 479 
479 447
447 511 
511 447
447 575 
575 447
448 512 
512 448
448 480 
480 448
448 449 
449 448
449 480 
480 449
449 481 
481 449
449 450 
450 449
450 451 
451 450
450 481 
481 450
450 482 
482 450
451 452 
452 451
451 482 
482 451
451 483 
483 451
452 483 
483 452
452 484 
484 452
452 453 
453 452
453 484 
484 453
453 485 
485 453
453 454 
454 453
454 455 
455 454
454 485 
485 454
454 486 
486 454
455 486 
486 455
455 487 
487 455
455 456 
456 455
456 487 
487 456
456 488 
488 456
456 457 
457 456
457 458 
458 457
457 488 
488 457
457 489 
489 457
458 489 
489 458
458 490 
490 458
458 459 
459 458
459 460 
460 459
459 490 
490 459
459 491 
491 459
460 491 
491 460
460 492 
492 460
460 461 
461 460
461 462 
462 461
461 492 
492 461
461 493 
493 461
462 463 
463 462
462 493 
493 462
462 494 
494 462
463 464 
464 463
463 494 
494 463
463 495 
495 463
464 495 
495 464
464 496 
496 464
464 465 
465 464
465 466 
466 465
465 496 
496 465
465 497 
497 465
466 497 
497 466
466 498 
498 466
466 467 
467 466
467 498 
498 467
467 499 
499 467
467 468 
468 467
468 469 
469 468
468 499 
499 468
468 500 
500 468
469 470 
470 469
469 500 
500 469
469 501 
501 469
470 501 
501 470
470 502 
502 470
470 471 
471 470
471 502 
502 471
471 503 
503 471
471 472 
472 471
472 503 
503 472
472 504 
504 472
472 473 
473 472
473 474 
474 473
473 504 
504 473
473 505 
505 473
474 475 
475 474
474 505 
505 474
474 506 
506 474
475 506 
506 475
475 507 
507 475
475 476 
476 475
476 507 
507 476
476 508 
508 476
476 477 
477 476
477 478 
478 477
477 508 
508 477
477 509 
509 477
478 509 
509 478
478 510 
510 478
478 479 
479 478
479 510 
510 479
479 511 
511 479
480 481 
481 480
480 512 
512 480
480 513 
513 480
481 513 
513 481
481 514 
514 481
481 482 
482 481
482 483 
483 482
482 514 
514 482
482 515 
515 482
483 484 
484 483
483 515 
515 483
483 516 
516 483
484 516 
516 484
484 517 
517 484
484 485 
485 484
485 517 
517 485
485 518 
518 485
485 486 
486 485
486 487 
487 486
486 518 
518 486
486 519 
519 486
487 519 
519 487
487 520 
520 487
487 488 
488 487
488 520 
520 488
488 521 
521 488
488 489 
489 488
489 490 
490 489
489 521 
521 489
489 522 
522 489
490 522 
522 490
490 523 
523 490
490 491 
491 490
491 492 
492 491
491 523 
523 491
491 524 
524 491
492 524 
524 492
492 525 
525 492
492 493 
493 492
493 525 
525 493
493 526 
526 493
493 494 
494 493
494 495 
495 494
494 526 
526 494
494 527 
527 494
495 527 
527 495
495 528 
528 495
495 496 
496 495
496 497 
497 496
496 528 
528 496
496 529 
529 496
497 529 
529 497
497 530 
530 497
497 498 
498 497
498 499 
499 498
498 530 
530 498
498 531 
531 498
499 531 
531 499
499 532 
532 499
499 500 
500 499
500 501 
501 500
500 532 
532 500
500 533 
533 500
501 533 
533 501
501 534 
534 501
501 502 
502 501
502 503 
503 502
502 534 
534 502
502 535 
535 502
503 535 
535 503
503 536 
536 503
503 504 
504 503
504 505 
505 504
504 536 
536 504
504 537 
537 504
505 506 
506 505
505 537 
537 505
505 538 
538 505
506 538 
538 506
506 539 
539 506
506 507 
507 506
507 539 
539 507
507 540 
540 507
507 508 
508 507
508 509 
509 508
508 540 
540 508
508 541 
541 508
509 541 
541 509
509 542 
542 509
509 510 
510 509
510 542 
542 510
510 543 
543 510
510 511 
511 510
511 543 
543 511
511 575 
575 511
512 513 
513 512
512 640 
640 512
512 576 
576 512
512 544 
544 512
513 544 
544 513
513 545 
545 513
513 514 
514 513
514 545 
545 514
514 546 
546 514
514 515 
515 514
515 546 
546 515
515 547 
547 515
515 516 
516 515
516 517 
517 516
516 547 
547 516
516 548 
548 516
517 548 
548 517
517 549 
549 517
517 518 
518 517
518 549 
549 518
518 550 
550 518
518 519 
519 518
519 520 
520 519
519 550 
550 519
519 551 
551 519
520 551 
551 520
520 552 
552 520
520 521 
521 520
521 552 
552 521
521 553 
553 521
521 522 
522 521
522 523 
523 522
522 553 
553 522
522 554 
554 522
523 554 
554 523
523 555 
555 523
523 524 
524 523
524 525 
525 524
524 555 
555 524
524 556 
556 524
525 556 
556 525
525 557 
557 525
525 526 
526 525
526 527 
527 526
526 557 
557 526
526 558 
558 526
527 528 
528 527
527 558 
558 527
527 559 
559 527
528 559 
559 528
528 560 
560 528
528 529 
529 528
529 560 
560 529
529 561 
561 529
529 530 
530 529
530 531 
531 530
530 561 
561 530
530 562 
562 530
531 532 
532 531
531 562 
562 531
531 563 
563 531
532 563 
563 532
532 564 
564 532
532 533 
533 532
533 564 
564 533
533 565 
565 533
533 534 
534 533
534 565 
565 534
534 566 
566 534
534 535 
535 534
535 566 
566 535
535 567 
567 535
535 536 
536 535
536 537 
537 536
536 567 
567 536
536 568 
568 536
537 568 
568 537
537 569 
569 537
537 538 
538 537
538 569 
569 538
538 570 
570 538
538 539 
539 538
539 540 
540 539
539 570 
570 539
539 571 
571 539
540 541 
541 540
540 571 
571 540
540 572 
572 540
541 572 
572 541
541 573 
573 541
541 542 
542 541
542 543 
543 542
542 573 
573 542
542 574 
574 542
543 574 
574 543
543 575 
575 543
544 576 
576 544
544 577 
577 544
544 545 
545 544
545 577 
577 545
545 578 
578 545
545 546 
546 545
546 547 
547 546
546 578 
578 546
546 579 
579 546
547 579 
579 547
547 580 
580 547
547 548 
548 547
548 580 
580 548
548 581 
581 548
548 549 
549 548
549 550 
550 549
549 581 
581 549
549 582 
582 549
550 582 
582 550
550 583 
583 550
550 551 
551 550
551 583 
583 551
551 584 
584 551
551 552 
552 551
552 584 
584 552
552 585 
585 552
552 553 
553 552
553 554 
554 553
553 585 
585 553
553 586 
586 553
554 586 
586 554
554 587 
587 554
554 555 
555 554
555 587 
587 555
555 588 
588 555
555 556 
556 555
556 557 
557 556
556 588 
588 556
556 589 
589 556
557 589 
589 557
557 590 
590 557
557 558 
558 557
558 559 
559 558
558 590 
590 558
558 591 
591 558
559 591 
591 559
559 592 
592 559
559 560 
560 559
560 561 
561 560
560 592 
592 560
560 593 
593 560
561 562 
562 561
561 593 
593 561
561 594 
594 561
562 563 
563 562
562 594 
594 562
562 595 
595 562
563 595 
595 563
563 596 
596 563
563 564 
564 563
564 565 
565 564
564 596 
596 564
564 597 
597 564
565 597 
597 565
565 598 
598 565
565 566 
566 565
566 567 
567 566
566 598 
598 566
566 599 
599 566
567 599 
599 567
567 600 
600 567
567 568 
568 567
568 569 
569 568
568 600 
600 568
568 601 
601 568
569 601 
601 569
569 602 
602 569
569 570 
570 569
570 602 
602 570
570 603 
603 570
570 571 
571 570
571 603 
603 571
571 604 
604 571
571 572 
572 571
572 573 
573 572
572 604 
604 572
572 605 
605 572
573 605 
605 573
573 606 
606 573
573 574 
574 573
574 606 
606 574
574 607 
607 574
574 575 
575 574
575 607 
607 575
575 639 
639 575
575 831 
831 575
576 640 
640 576
576 608 
608 576
576 577 
577 576
577 608 
608 577
577 609 
609 577
577 578 
578 577
578 609 
609 578
578 610 
610 578
578 579 
579 578
579 580 
580 579
579 610 
610 579
579 611 
611 579
580 581 
581 580
580 611 
611 580
580 612 
612 580
581 612 
612 581
581 613 
613 581
581 582 
582 581
582 583 
583 582
582 613 
613 582
582 614 
614 582
583 614 
614 583
583 615 
615 583
583 584 
584 583
584 585 
585 584
584 615 
615 584
584 616 
616 584
585 616 
616 585
585 617 
617 585
585 586 
586 585
586 587 
587 586
586 617 
617 586
586 618 
618 586
587 618 
618 587
587 619 
619 587
587 588 
588 587
588 619 
619 588
588 620 
620 588
588 589 
589 588
589 590 
590 589
589 620 
620 589
589 621 
621 589
590 591 
591 590
590 621 
621 590
590 622 
622 590
591 622 
622 591
591 623 
623 591
591 592 
592 591
592 593 
593 592
592 623 
623 592
592 624 
624 592
593 624 
624 593
593 625 
625 593
593 594 
594 593
594 595 
595 594
594 625 
625 594
594 626 
626 594
595 626 
626 595
595 627 
627 595
595 596 
596 595
596 627 
627 596
596 628 
628 596
596 597 
597 596
597 598 
598 597
597 628 
628 597
597 629 
629 597
598 629 
629 598
598 630 
630 598
598 599 
599 598
599 600 
600 599
599 630 
630 599
599 631 
631 599
600 631 
631 600
600 632 
632 600
600 601 
601 600
601 602 
602 601
601 632 
632 601
601 633 
633 601
602 633 
633 602
602 634 
634 602
602 603 
603 602
603 634 
634 603
603 635 
635 603
603 604 
604 603
604 635 
635 604
604 636 
636 604
604 605 
605 604
605 636 
636 605
605 637 
637 605
605 606 
606 605
606 607 
607 606
606 637 
637 606
606 638 
638 606
607 638 
638 607
607 639 
639 607
608 609 
609 608
608 640 
640 608
608 641 
641 608
609 641 
641 609
609 642 
642 609
609 610 
610 609
610 611 
611 610
610 642 
642 610
610 643 
643 610
611 643 
643 611
611 644 
644 611
611 612 
612 611
612 613 
613 612
612 644 
644 612
612 645 
645 612
613 645 
645 613
613 646 
646 613
613 614 
614 613
614 615 
615 614
614 646 
646 614
614 647 
647 614
615 647 
647 615
615 648 
648 615
615 616 
616 615
616 617 
617 616
616 648 
648 616
616 649 
649 616
617 649 
649 617
617 650 
650 617
617 618 
618 617
618 650 
650 618
618 651 
651 618
618 619 
619 618
619 620 
620 619
619 651 
651 619
619 652 
652 619
620 652 
652 620
620 653 
653 620
620 621 
621 620
621 622 
622 621
621 653 
653 621
621 654 
654 621
622 654 
654 622
622 655 
655 622
622 623 
623 622
623 624 
624 623
623 655 
655 623
623 656 
656 623
624 656 
656 624
624 657 
657 624
624 625 
625 624
625 657 
657 625
625 658 
658 625
625 626 
626 625
626 627 
627 626
626 658 
658 626
626 659 
659 626
627 659 
659 627
627 660 
660 627
627 628 
628 627
628 660 
660 628
628 661 
661 628
628 629 
629 628
629 661 
661 629
629 662 
662 629
629 630 
630 629
630 662 
662 630
630 663 
663 630
630 631 
631 630
631 632 
632 631
631 663 
663 631
631 664 
664 631
632 633 
633 632
632 664 
664 632
632 665 
665 632
633 665 
665 633
633 666 
666 633
633 634 
634 633
634 635 
635 634
634 666 
666 634
634 667 
667 634
635 636 
636 635
635 667 
667 635
635 668 
668 635
636 668 
668 636
636 669 
669 636
636 637 
637 636
637 638 
638 637
637 669 
669 637
637 670 
670 637
638 670 
670 638
638 671 
671 638
638 639 
639 638
639 671 
671 639
639 703 
703 639
639 831 
831 639
640 960 
960 640
640 768 
768 640
640 704 
704 640
640 672 
672 640
640 641 
641 640
641 642 
642 641
641 672 
672 641
641 673 
673 641
642 673 
673 642
642 674 
674 642
642 643 
643 642
643 674 
674 643
643 675 
675 643
643 644 
644 643
644 675 
675 644
644 676 
676 644
644 645 
645 644
645 646 
646 645
645 676 
676 645
645 677 
677 645
646 677 
677 646
646 678 
678 646
646 647 
647 646
647 648 
648 647
647 678 
678 647
647 679 
679 647
648 679 
679 648
648 680 
680 648
648 649 
649 648
649 650 
650 649
649 680 
680 649
649 681 
681 649
650 681 
681 650
650 682 
682 650
650 651 
651 650
651 652 
652 651
651 682 
682 651
651 683 
683 651
652 683 
683 652
652 684 
684 652
652 653 
653 652
653 654 
654 653
653 684 
684 653
653 685 
685 653
654 685 
685 654
654 686 
686 654
654 655 
655 654
655 686 
686 655
655 687 
687 655
655 656 
656 655
656 687 
687 656
656 688 
688 656
656 657 
657 656
657 688 
688 657
657 689 
689 657
657 658 
658 657
658 659 
659 658
658 689 
689 658
658 690 
690 658
659 690 
690 659
659 691 
691 659
659 660 
660 659
660 661 
661 660
660 691 
691 660
660 692 
692 660
661 692 
692 661
661 693 
693 661
661 662 
662 661
662 693 
693 662
662 694 
694 662
662 663 
663 662
663 664 
664 663
663 694 
694 663
663 695 
695 663
664 695 
695 664
664 696 
696 664
664 665 
665 664
665 666 
666 665
665 696 
696 665
665 697 
697 665
666 667 
667 666
666 697 
697 666
666 698 
698 666
667 698 
698 667
667 699 
699 667
667 668 
668 667
668 699 
699 668
668 700 
700 668
668 669 
669 668
669 700 
700 669
669 701 
701 669
669 670 
670 669
670 671 
671 670
670 701 
701 670
670 702 
702 670
671 702 
702 671
671 703 
703 671
672 673 
673 672
672 704 
704 672
672 705 
705 672
673 705 
705 673
673 706 
706 673
673 674 
674 673
674 675 
675 674
674 706 
706 674
674 707 
707 674
675 707 
707 675
675 708 
708 675
675 676 
676 675
676 677 
677 676
676 708 
708 676
676 709 
709 676
677 678 
678 677
677 709 
709 677
677 710 
710 677
678 679 
679 678
678 710 
710 678
678 711 
711 678
679 711 
711 679
679 712 
712 679
679 680 
680 679
680 681 
681 680
680 712 
712 680
680 713 
713 680
681 713 
713 681
681 714 
714 681
681 682 
682 681
682 683 
683 682
682 714 
714 682
682 715 
715 682
683 715 
715 683
683 716 
716 683
683 684 
684 683
684 685 
685 684
684 716 
716 684
684 717 
717 684
685 686 
686 685
685 717 
717 685
685 718 
718 685
686 687 
687 686
686 718 
718 686
686 719 
719 686
687 719 
719 687
687 720 
720 687
687 688 
688 687
688 689 
689 688
688 720 
720 688
688 721 
721 688
689 690 
690 689
689 721 
721 689
689 722 
722 689
690 722 
722 690
690 723 
723 690
690 691 
691 690
691 723 
723 691
691 724 
724 691
691 692 
692 691
692 724 
724 692
692 725 
725 692
692 693 
693 692
693 694 
694 693
693 725 
725 693
693 726 
726 693
694 726 
726 694
694 727 
727 694
694 695 
695 694
695 696 
696 695
695 727 
727 695
695 728 
728 695
696 728 
728 696
696 729 
729 696
696 697 
697 696
697 698 
698 697
697 729 
729 697
697 730 
730 697
698 730 
730 698
698 731 
731 698
698 699 
699 698
699 731 
731 699
699 732 
732 699
699 700 
700 699
700 701 
701 700
700 732 
732 700
700 733 
733 700
701 702 
702 701
701 733 
733 701
701 734 
734 701
702 734 
734 702
702 735 
735 702
702 703 
703 702
703 735 
735 703
703 767 
767 703
703 831 
831 703
704 705 
705 704
704 768 
768 704
704 736 
736 704
705 736 
736 705
705 737 
737 705
705 706 
706 705
706 707 
707 706
706 737 
737 706
706 738 
738 706
707 708 
708 707
707 738 
738 707
707 739 
739 707
708 709 
709 708
708 739 
739 708
708 740 
740 708
709 710 
710 709
709 740 
740 709
709 741 
741 709
710 711 
711 710
710 741 
741 710
710 742 
742 710
711 742 
742 711
711 743 
743 711
711 712 
712 711
712 743 
743 712
712 744 
744 712
712 713 
713 712
713 714 
714 713
713 744 
744 713
713 745 
745 713
714 715 
715 714
714 745 
745 714
714 746 
746 714
715 716 
716 715
715 746 
746 715
715 747 
747 715
716 747 
747 716
716 748 
748 716
716 717 
717 716
717 748 
748 717
717 749 
749 717
717 718 
718 717
718 749 
749 718
718 750 
750 718
718 719 
719 718
719 750 
750 719
719 751 
751 719
719 720 
720 719
720 721 
721 720
720 751 
751 720
720 752 
752 720
721 722 
722 721
721 752 
752 721
721 753 
753 721
722 723 
723 722
722 753 
753 722
722 754 
754 722
723 754 
754 723
723 755 
755 723
723 724 
724 723
724 755 
755 724
724 756 
756 724
724 725 
725 724
725 726 
726 725
725 756 
756 725
725 757 
757 725
726 727 
727 726
726 757 
757 726
726 758 
758 726
727 758 
758 727
727 759 
759 727
727 728 
728 727
728 759 
759 728
728 760 
760 728
728 729 
729 728
729 730 
730 729
729 760 
760 729
729 761 
761 729
730 761 
761 730
730 762 
762 730
730 731 
731 730
731 732 
732 731
731 762 
762 731
731 763 
763 731
732 733 
733 732
732 763 
763 732
732 764 
764 732
733 764 
764 733
733 765 
765 733
733 734 
734 733
734 765 
765 734
734 766 
766 734
734 735 
735 734
735 766 
766 735
735 767 
767 735
736 737 
737 736
736 768 
768 736
736 769 
769 736
737 738 
738 737
737 769 
769 737
737 770 
770 737
738 770 
770 738
738 771 
771 738
738 739 
739 738
739 771 
771 739
739 772 
772 739
739 740 
740 739
740 741 
741 740
740 772 
772 740
740 773 
773 740
741 773 
773 741
741 774 
774 741
741 742 
742 741
742 774 
774 742
742 775 
775 742
742 743 
743 742
743 775 
775 743
743 776 
776 743
743 744 
744 743
744 776 
776 744
744 777 
777 744
744 745 
745 744
745 777 
777 745
745 778 
778 745
745 746 
746 745
746 747 
747 746
746 778 
778 746
746 779 
779 746
747 779 
779 747
747 780 
780 747
747 748 
748 747
748 780 
780 748
748 781 
781 748
748 749 
749 748
749 750 
750 749
749 781 
781 749
749 782 
782 749
750 751 
751 750
750 782 
782 750
750 783 
783 750
751 783 
783 751
751 784 
784 751
751 752 
752 751
752 784 
784 752
752 785 
785 752
752 753 
753 752
753 785 
785 753
753 786 
786 753
753 754 
754 753
754 755 
755 754
754 786 
786 754
754 787 
787 754
755 787 
787 755
755 788 
788 755
755 756 
756 755
756 757 
757 756
756 788 
788 756
756 789 
789 756
757 789 
789 757
757 790 
790 757
757 758 
758 757
758 790 
790 758
758 791 
791 758
758 759 
759 758
759 760 
760 759
759 791 
791 759
759 792 
792 759
760 792 
792 760
760 793 
793 760
760 761 
761 760
761 793 
793 761
761 794 
794 761
761 762 
762 761
762 763 
763 762
762 794 
794 762
762 795 
795 762
763 795 
795 763
763 796 
796 763
763 764 
764 763
764 765 
765 764
764 796 
796 764
764 797 
797 764
765 797 
797 765
765 798 
798 765
765 766 
766 765
766 767 
767 766
766 798 
798 766
766 799 
799 766
767 799 
799 767
767 831 
831 767
768 769 
769 768
768 960 
960 768
768 896 
896 768
768 832 
832 768
768 800 
800 768
769 770 
770 769
769 800 
800 769
769 801 
801 769
770 801 
801 770
770 802 
802 770
770 771 
771 770
771 802 
802 771
771 803 
803 771
771 772 
772 771
772 803 
803 772
772 804 
804 772
772 773 
773 772
773 774 
774 773
773 804 
804 773
773 805 
805 773
774 775 
775 774
774 805 
805 774
774 806 
806 774
775 806 
806 775
775 807 
807 775
775 776 
776 775
776 777 
777 776
776 807 
807 776
776 808 
808 776
777 778 
778 777
777 808 
808 777
777 809 
809 777
778 809 
809 778
778 810 
810 778
778 779 
779 778
779 780 
780 779
779 810 
810 779
779 811 
811 779
780 811 
811 780
780 812 
812 780
780 781 
781 780
781 782 
782 781
781 812 
812 781
781 813 
813 781
782 813 
813 782
782 814 
814 782
782 783 
783 782
783 784 
784 783
783 814 
814 783
783 815 
815 783
784 785 
785 784
784 815 
815 784
784 816 
816 784
785 816 
816 785
785 817 
817 785
785 786 
786 785
786 787 
787 786
786 817 
817 786
786 818 
818 786
787 818 
818 787
787 819 
819 787
787 788 
788 787
788 819 
819 788
788 820 
820 788
788 789 
789 788
789 790 
790 789
789 820 
820 789
789 821 
821 789
790 821 
821 790
790 822 
822 790
790 791 
791 790
791 792 
792 791
791 822 
822 791
791 823 
823 791
792 823 
823 792
792 824 
824 792
792 793 
793 792
793 794 
794 793
793 824 
824 793
793 825 
825 793
794 825 
825 794
794 826 
826 794
794 795 
795 794
795 796 
796 795
795 826 
826 795
795 827 
827 795
796 827 
827 796
796 828 
828 796
796 797 
797 796
797 828 
828 797
797 829 
829 797
797 798 
798 797
798 799 
799 798
798 829 
829 798
798 830 
830 798
799 830 
830 799
799 831 
831 799
800 801 
801 800
800 832 
832 800
800 833 
833 800
801 833 
833 801
801 834 
834 801
801 802 
802 801
802 803 
803 802
802 834 
834 802
802 835 
835 802
803 804 
804 803
803 835 
835 803
803 836 
836 803
804 836 
836 804
804 837 
837 804
804 805 
805 804
805 837 
837 805
805 838 
838 805
805 806 
806 805
806 807 
807 806
806 838 
838 806
806 839 
839 806
807 839 
839 807
807 840 
840 807
807 808 
808 807
808 809 
809 808
808 840 
840 808
808 841 
841 808
809 810 
810 809
809 841 
841 809
809 842 
842 809
810 842 
842 810
810 843 
843 810
810 811 
811 810
811 812 
812 811
811 843 
843 811
811 844 
844 811
812 844 
844 812
812 845 
845 812
812 813 
813 812
813 814 
814 813
813 845 
845 813
813 846 
846 813
814 846 
846 814
814 847 
847 814
814 815 
815 814
815 816 
816 815
815 847 
847 815
815 848 
848 815
816 817 
817 816
816 848 
848 816
816 849 
849 816
817 849 
849 817
817 850 
850 817
817 818 
818 817
818 819 
819 818
818 850 
850 818
818 851 
851 818
819 820 
820 819
819 851 
851 819
819 852 
852 819
820 852 
852 820
820 853 
853 820
820 821 
821 820
821 822 
822 821
821 853 
853 821
821 854 
854 821
822 854 
854 822
822 855 
855 822
822 823 
823 822
823 824 
824 823
823 855 
855 823
823 856 
856 823
824 825 
825 824
824 856 
856 824
824 857 
857 824
825 857 
857 825
825 858 
858 825
825 826 
826 825
826 858 
858 826
826 859 
859 826
826 827 
827 826
827 828 
828 827
827 859 
859 827
827 860 
860 827
828 860 
860 828
828 861 
861 828
828 829 
829 828
829 861 
861 829
829 862 
862 829
829 830 
830 829
830 862 
862 830
830 863 
863 830
830 831 
831 830
831 863 
863 831
831 895 
895 831
831 1023 
1023 831
832 896 
896 832
832 864 
864 832
832 833 
833 832
833 864 
864 833
833 865 
865 833
833 834 
834 833
834 835 
835 834
834 865 
865 834
834 866 
866 834
835 836 
836 835
835 866 
866 835
835 867 
867 835
836 867 
867 836
836 868 
868 836
836 837 
837 836
837 868 
868 837
837 869 
869 837
837 838 
838 837
838 839 
839 838
838 869 
869 838
838 870 
870 838
839 870 
870 839
839 871 
871 839
839 840 
840 839
840 841 
841 840
840 871 
871 840
840 872 
872 840
841 872 
872 841
841 873 
873 841
841 842 
842 841
842 843 
843 842
842 873 
873 842
842 874 
874 842
843 874 
874 843
843 875 
875 843
843 844 
844 843
844 875 
875 844
844 876 
876 844
844 845 
845 844
845 846 
846 845
845 876 
876 845
845 877 
877 845
846 847 
847 846
846 877 
877 846
846 878 
878 846
847 848 
848 847
847 878 
878 847
847 879 
879 847
848 849 
849 848
848 879 
879 848
848 880 
880 848
849 880 
880 849
849 881 
881 849
849 850 
850 849
850 851 
851 850
850 881 
881 850
850 882 
882 850
851 852 
852 851
851 882 
882 851
851 883 
883 851
852 883 
883 852
852 884 
884 852
852 853 
853 852
853 884 
884 853
853 885 
885 853
853 854 
854 853
854 855 
855 854
854 885 
885 854
854 886 
886 854
855 856 
856 855
855 886 
886 855
855 887 
887 855
856 887 
887 856
856 888 
888 856
856 857 
857 856
857 858 
858 857
857 888 
888 857
857 889 
889 857
858 859 
859 858
858 889 
889 858
858 890 
890 858
859 890 
890 859
859 891 
891 859
859 860 
860 859
860 861 
861 860
860 891 
891 860
860 892 
892 860
861 862 
862 861
861 892 
892 861
861 893 
893 861
862 863 
863 862
862 893 
893 862
862 894 
894 862
863 894 
894 863
863 895 
895 863
864 896 
896 864
864 897 
897 864
864 865 
865 864
865 866 
866 865
865 897 
897 865
865 898 
898 865
866 898 
898 866
866 899 
899 866
866 867 
867 866
867 899 
899 867
867 900 
900 867
867 868 
868 867
868 869 
869 868
868 900 
900 868
868 901 
901 868
869 901 
901 869
869 902 
902 869
869 870 
870 869
870 871 
871 870
870 902 
902 870
870 903 
903 870
871 872 
872 871
871 903 
903 871
871 904 
904 871
872 904 
904 872
872 905 
905 872
872 873 
873 872
873 905 
905 873
873 906 
906 873
873 874 
874 873
874 875 
875 874
874 906 
906 874
874 907 
907 874
875 907 
907 875
875 908 
908 875
875 876 
876 875
876 908 
908 876
876 909 
909 876
876 877 
877 876
877 878 
878 877
877 909 
909 877
877 910 
910 877
878 910 
910 878
878 911 
911 878
878 879 
879 878
879 911 
911 879
879 912 
912 879
879 880 
880 879
880 881 
881 880
880 912 
912 880
880 913 
913 880
881 913 
913 881
881 914 
914 881
881 882 
882 881
882 914 
914 882
882 915 
915 882
882 883 
883 882
883 884 
884 883
883 915 
915 883
883 916 
916 883
884 916 
916 884
884 917 
917 884
884 885 
885 884
885 917 
917 885
885 918 
918 885
885 886 
886 885
886 887 
887 886
886 918 
918 886
886 919 
919 886
887 919 
919 887
887 920 
920 887
887 888 
888 887
888 889 
889 888
888 920 
920 888
888 921 
921 888
889 921 
921 889
889 922 
922 889
889 890 
890 889
890 922 
922 890
890 923 
923 890
890 891 
891 890
891 892 
892 891
891 923 
923 891
891 924 
924 891
892 893 
893 892
892 924 
924 892
892 925 
925 892
893 925 
925 893
893 926 
926 893
893 894 
894 893
894 926 
926 894
894 927 
927 894
894 895 
895 894
895 927 
927 895
895 959 
959 895
895 1023 
1023 895
896 897 
897 896
896 960 
960 896
896 928 
928 896
897 928 
928 897
897 929 
929 897
897 898 
898 897
898 929 
929 898
898 930 
930 898
898 899 
899 898
899 900 
900 899
899 930 
930 899
899 931 
931 899
900 901 
901 900
900 931 
931 900
900 932 
932 900
901 902 
902 901
901 932 
932 901
901 933 
933 901
902 933 
933 902
902 934 
934 902
902 903 
903 902
903 904 
904 903
903 934 
934 903
903 935 
935 903
904 935 
935 904
904 936 
936 904
904 905 
905 904
905 906 
906 905
905 936 
936 905
905 937 
937 905
906 907 
907 906
906 937 
937 906
906 938 
938 906
907 908 
908 907
907 938 
938 907
907 939 
939 907
908 909 
909 908
908 939 
939 908
908 940 
940 908
909 910 
910 909
909 940 
940 909
909 941 
941 909
910 941 
941 910
910 942 
942 910
910 911 
911 910
911 912 
912 911
911 942 
942 911
911 943 
943 911
912 943 
943 912
912 944 
944 912
912 913 
913 912
913 914 
914 913
913 944 
944 913
913 945 
945 913
914 945 
945 914
914 946 
946 914
914 915 
915 914
915 916 
916 915
915 946 
946 915
915 947 
947 915
916 947 
947 916
916 948 
948 916
916 917 
917 916
917 918 
918 917
917 948 
948 917
917 949 
949 917
918 949 
949 918
918 950 
950 918
918 919 
919 918
919 920 
920 919
919 950 
950 919
919 951 
951 919
920 921 
921 920
920 951 
951 920
920 952 
952 920
921 952 
952 921
921 953 
953 921
921 922 
922 921
922 953 
953 922
922 954 
954 922
922 923 
923 922
923 924 
924 923
923 954 
954 923
923 955 
955 923
924 955 
955 924
924 956 
956 924
924 925 
925 924
925 926 
926 925
925 956 
956 925
925 957 
957 925
926 957 
957 926
926 958 
958 926
926 927 
927 926
927 958 
958 927
927 959 
959 927
928 960 
960 928
928 961 
961 928
928 929 
929 928
929 930 
930 929
929 961 
961 929
929 962 
962 929
930 962 
962 930
930 963 
963 930
930 931 
931 930
931 963 
963 931
931 964 
964 931
931 932 
932 931
932 933 
933 932
932 964 
964 932
932 965 
965 932
933 934 
934 933
933 965 
965 933
933 966 
966 933
934 935 
935 934
934 966 
966 934
934 967 
967 934
935 967 
967 935
935 968 
968 935
935 936 
936 935
936 937 
937 936
936 968 
968 936
936 969 
969 936
937 938 
938 937
937 969 
969 937
937 970 
970 937
938 970 
970 938
938 971 
971 938
938 939 
939 938
939 971 
971 939
939 972 
972 939
939 940 
940 939
940 972 
972 940
940 973 
973 940
940 941 
941 940
941 942 
942 941
941 973 
973 941
941 974 
974 941
942 974 
974 942
942 975 
975 942
942 943 
943 942
943 944 
944 943
943 975 
975 943
943 976 
976 943
944 976 
976 944
944 977 
977 944
944 945 
945 944
945 946 
946 945
945 977 
977 945
945 978 
978 945
946 978 
978 946
946 979 
979 946
946 947 
947 946
947 948 
948 947
947 979 
979 947
947 980 
980 947
948 980 
980 948
948 981 
981 948
948 949 
949 948
949 981 
981 949
949 982 
982 949
949 950 
950 949
950 982 
982 950
950 983 
983 950
950 951 
951 950
951 952 
952 951
951 983 
983 951
951 984 
984 951
952 984 
984 952
952 985 
985 952
952 953 
953 952
953 954 
954 953
953 985 
985 953
953 986 
986 953
954 986 
986 954
954 987 
987 954
954 955 
955 954
955 987 
987 955
955 988 
988 955
955 956 
956 955
956 957 
957 956
956 988 
988 956
956 989 
989 956
957 989 
989 957
957 990 
990 957
957 958 
958 957
958 990 
990 958
958 991 
991 958
958 959 
959 958
959 991 
991 959
959 1023 
1023 959
960 992 
992 960
960 961 
961 960
961 992 
992 961
961 993 
993 961
961 962 
962 961
962 993 
993 962
962 994 
994 962
962 963 
963 962
963 964 
964 963
963 994 
994 963
963 995 
995 963
964 995 
995 964
964 996 
996 964
964 965 
965 964
965 996 
996 965
965 997 
997 965
965 966 
966 965
966 967 
967 966
966 997 
997 966
966 998 
998 966
967 998 
998 967
967 999 
999 967
967 968 
968 967
968 969 
969 968
968 999 
999 968
968 1000 
1000 968
969 970 
970 969
969 1000 
1000 969
969 1001 
1001 969
970 1001 
1001 970
970 1002 
1002 970
970 971 
971 970
971 972 
972 971
971 1002 
1002 971
971 1003 
1003 971
972 973 
973 972
972 1003 
1003 972
972 1004 
1004 972
973 1004 
1004 973
973 1005 
1005 973
973 974 
974 973
974 1005 
1005 974
974 1006 
1006 974
974 975 
975 974
975 1006 
1006 975
975 1007 
1007 975
975 976 
976 975
976 1007 
1007 976
976 1008 
1008 976
976 977 
977 976
977 978 
978 977
977 1008 
1008 977
977 1009 
1009 977
978 979 
979 978
978 1009 
1009 978
978 1010 
1010 978
979 1010 
1010 979
979 1011 
1011 979
979 980 
980 979
980 981 
981 980
980 1011 
1011 980
980 1012 
1012 980
981 982 
982 981
981 1012 
1012 981
981 1013 
1013 981
982 983 
983 982
982 1013 
1013 982
982 1014 
1014 982
983 1014 
1014 983
983 1015 
1015 983
983 984 
984 983
984 1015 
1015 984
984 1016 
1016 984
984 985 
985 984
985 986 
986 985
985 1016 
1016 985
985 1017 
1017 985
986 1017 
1017 986
986 1018 
1018 986
986 987 
987 986
987 1018 
1018 987
987 1019 
1019 987
987 988 
988 987
988 989 
989 988
988 1019 
1019 988
988 1020 
1020 988
989 1020 
1020 989
989 1021 
1021 989
989 990 
990 989
990 991 
991 990
990 1021 
1021 990
990 1022 
1022 990
991 1022 
1022 991
991 1023 
1023 991
992 993 
993 992
993 995 
995 993
993 994 
994 993
994 995 
995 994
995 1017 
1017 995
995 1004 
1004 995
995 1001 
1001 995
995 1000 
1000 995
995 996 
996 995
996 1000 
1000 996
996 998 
998 996
996 997 
997 996
997 998 
998 997
998 1000 
1000 998
998 999 
999 998
999 1000 
1000 999
1000 1001 
1001 1000
1001 1002 
1002 1001
1001 1004 
1004 1001
1002 1004 
1004 1002
1002 1003 
1003 1002
1003 1004 
1004 1003
1004 1009 
1009 1004
1004 1007 
1007 1004
1004 1005 
1005 1004
1004 1017 
1017 1004
1005 1007 
1007 1005
1005 1006 
1006 1005
1006 1007 
1007 1006
1007 1009 
1009 1007
1007 1008 
1008 1007
1008 1009 
1009 1008
1009 1017 
1017 1009
1009 1012 
1012 1009
1009 1010 
1010 1009
1010 1012 
1012 1010
1010 1011 
1011 1010
1011 1012 
1012 1011
1012 1017 
1017 1012
1012 1015 
1015 1012
1012 1013 
1013 1012
1013 1015 
1015 1013
1013 1014 
1014 1013
1014 1015 
1015 1014
1015 1017 
1017 1015
1015 1016 
1016 1015
1016 1017 
1017 1016
1017 1023 
1023 1017
1017 1019 
1019 1017
1017 1018 
1018 1017
1018 1019 
1019 1018
1019 1023 
1023 1019
1019 1021 
1021 1019
1019 1020 
1020 1019
1020 1021 
1021 1020
1021 1022 
1022 1021
1021 1023 
1023 1021
1022 1023 
1023 1022
