METIS: 0 204 410 616 820 1024 
0 -0.043581 0.045712 
1 0.040665 0.26667 
2 -0.010939 0.584934 
3 -0.03233 0.921081 
4 -0.037312 1.20971 
5 0.022831 1.53539 
6 -0.008848 1.85648 
7 0.017792 2.16465 
8 -0.041772 2.51023 
9 0.037834 2.80053 
10 0.016142 3.08573 
11 -0.004087 3.397 
12 0.014031 3.70907 
13 0.044653 4.06353 
14 -0.041001 4.39802 
15 0.269985 0.169943 
16 0.356213 0.488506 
17 0.302165 0.818962 
18 0.303987 1.12588 
19 0.286953 1.4472 
20 0.27171 1.69276 
21 0.356876 2.02667 
22 0.351823 2.34215 
23 0.292549 2.68363 
24 0.349197 2.97804 
25 0.301096 3.2397 
26 0.334636 3.63046 
27 0.266756 3.91619 
28 0.349276 4.25938 
29 0.267909 4.55809 
30 0.668061 -0.014181 
31 0.602077 0.272558 
32 0.63814 0.632749 
33 0.63748 0.91587 
34 0.668658 1.22878 
35 0.626613 1.53555 
36 0.62807 1.85712 
37 0.586584 2.172 
38 0.640872 2.51604 
39 0.58063 2.8449 
40 0.643669 3.14085 
41 0.649737 3.44583 
42 0.588409 3.73852 
43 0.638285 4.04011 
44 0.650158 4.40483 
45 0.917599 0.124577 
46 0.963226 0.509489 
47 0.937595 0.752988 
48 0.954421 1.06977 
49 0.915505 1.37897 
50 0.944316 1.73656 
51 0.941315 2.05395 
52 0.964207 2.33015 
53 0.89982 2.65165 
54 0.981953 2.98669 
55 0.961759 3.31009 
56 0.953696 3.62391 
57 0.908233 3.94345 
58 0.983195 4.2437 
59 0.934304 4.51839 
60 1.2561 -0.02574 
61 1.21081 0.271936 
62 1.26863 0.578417 
63 1.28524 0.895371 
64 1.26135 1.24566 
65 1.28039 1.60493 
66 1.21856 1.89994 
67 1.23077 2.2318 
68 1.2753 2.46138 
69 1.25831 2.83846 
70 1.25121 3.15655 
71 1.22389 3.40138 
72 1.24833 3.77001 
73 1.20386 4.02805 
74 1.23825 4.37843 
75 1.57419 0.136906 
76 1.56155 0.509296 
77 1.54671 0.754601 
78 1.57398 1.08549 
79 1.53075 1.36112 
80 1.51598 1.67217 
81 1.60109 2.01269 
82 1.59763 2.33985 
83 1.53428 2.64446 
84 1.53422 2.96742 
85 1.59054 3.27299 
86 1.58971 3.62864 
87 1.52669 3.86767 
88 1.53923 4.22727 
89 1.85186 -0.031071 
90 1.90151 0.318143 
91 1.88403 0.581007 
92 1.88002 0.908099 
93 1.89701 1.2287 
94 1.84596 1.58331 
95 1.83548 1.91708 1000
96 1.92044 2.2286 
97 1.90897 2.51992 
98 1.86491 2.82743 
99 1.85126 3.16683 
100 1.83693 3.44233 
101 1.92021 3.77741 
102 1.86287 4.03939 
103 1.91692 4.41341 
104 2.2087 0.175193 
105 2.23014 0.491953 
106 2.15948 0.824933 
107 2.15376 1.06268 
108 2.14707 1.4438 
109 2.22011 1.7628 
110 2.19345 1.9925 
111 2.15629 2.39025 
112 2.15479 2.70177 
113 2.23054 3.00245 
114 2.16644 3.31834 
115 2.15375 3.56069 
116 2.1699 3.88012 
117 2.19054 4.23534 1000
118 2.16591 4.56144 
119 2.54625 0.033841 
120 2.49388 0.353813 
121 2.51841 0.625517 
122 2.46141 0.965216 
123 2.49311 1.28891 
124 2.49299 1.55752 
125 2.53371 1.91404 
126 2.46591 2.19292 
127 2.51453 2.50369 
128 2.51672 2.77043 
129 2.49863 3.09935 
130 2.54585 3.41682 1000
131 2.4693 3.71627 
132 2.49458 4.05264 
133 2.545 4.37405 
134 2.78055 0.138462 
135 2.80511 0.482568 
136 2.79978 0.745892 
137 2.79472 1.06431 
138 2.84059 1.42993 
139 2.84363 1.75806 
140 2.82423 2.03123 
141 2.81646 2.36217 
142 2.83392 2.67356 
143 2.78255 2.93377 
144 2.84593 3.25881 
145 2.85484 3.62964 
146 2.82368 3.92118 
147 2.78243 4.1929 
148 3.10937 -0.030387 
149 3.1458 0.345231 
150 3.10943 0.606608 
151 3.15596 0.920301 
152 3.13012 1.2371 
153 3.1085 1.56686 
154 3.13014 1.83613 
155 3.16818 2.1604 
156 3.11353 2.51488 
157 3.16339 2.83709 
158 3.09788 3.10038 
159 3.15425 3.41574 
160 3.15026 3.71234 
161 3.15483 4.02218 
162 3.42433 0.19681 
163 3.40624 0.468966 
164 3.47629 0.749458 
165 3.42173 1.07274 
166 3.39669 1.41079 
167 3.43665 1.7597 
168 3.43207 2.01857 
169 3.41423 2.32802 
170 3.46127 2.62719 
171 3.41621 2.92836 
172 3.44871 3.28555 
173 3.43688 3.5885 
174 3.44967 3.92753 
175 3.79101 1.26347 
176 3.74393 1.55264 
177 3.77551 1.8957 
178 3.76296 2.21754 
179 3.71195 2.50734 
180 3.74364 2.84231 
181 3.71047 3.16254 
182 3.72181 3.45882 
183 3.72877 3.78036 
184 4.07545 1.38929 
185 4.0258 1.74806 
186 4.02281 2.03389 
187 4.0639 2.34975 
188 4.06053 2.66117 
189 4.04509 2.94897 
190 4.07245 3.29194 
191 4.08148 3.5574 
192 4.362 2.16 
193 4.36751 2.51556 
194 4.37296 2.84953 
195 4.36877 3.13053 
196 4.3723 3.47245 
197 4.72871 2.38546 
198 4.67613 2.61793 
199 4.68608 2.92355 
200 4.66746 3.27178 
201 4.97997 2.45316 
202 4.98105 2.82395 
203 5.01607 3.16739 
204 3.72826 -0.018561 
205 3.75593 0.315679 
206 3.70621 0.662079 
207 3.71908 0.949344 
208 4.04392 0.189067 
209 4.10145 0.512666 
210 4.0262 0.794663 
211 4.08912 1.10066 
212 4.35162 0.043828 
213 4.3712 0.307929 
214 4.41435 0.598532 
215 4.39142 0.94064 
216 4.38026 1.23927 
217 4.37034 1.52542 
218 4.41502 1.91639 
219 4.69494 0.156231 
220 4.68204 0.449096 
221 4.72375 0.796516 
222 4.67772 1.13746 
223 4.66015 1.42798 
224 4.68046 1.69893 
225 4.71509 2.0632 
226 5.00954 0.030651 
227 4.96311 0.318901 
228 4.99874 0.6035 
229 5.01549 0.980114 
230 4.98214 1.24157 
231 4.96248 1.53706 
232 4.95955 1.88615 
233 5.03041 2.18371 
234 5.26755 0.126166 
235 5.30178 0.455009 
236 5.35418 0.827677 
237 5.30626 1.11115 
238 5.28783 1.37063 
239 5.33199 1.73923 
240 5.27823 1.99835 
241 5.28983 2.35679 
242 5.26745 2.70035 
243 5.31581 2.99108 
244 5.57975 0.037294 
245 5.60374 0.346806 
246 5.61462 0.607937 
247 5.6293 0.964356 
248 5.61383 1.21902 
249 5.59937 1.60465 
250 5.64573 1.83436 
251 5.57974 2.16358 
252 5.62645 2.5265 
253 5.60579 2.81589 
254 5.61991 3.12144 
255 5.96331 0.13618 
256 5.94348 0.467371 
257 5.96782 0.804089 
258 5.93038 1.09459 
259 5.94445 1.39394 
260 5.89268 1.7221 
261 5.97363 2.06244 
262 5.94699 2.38243 
263 5.98 2.69126 
264 5.89619 2.99834 
265 5.94476 3.27348 1000
266 6.24878 -0.039758 
267 6.24069 0.328535 
268 6.20669 0.617322 
269 6.20889 0.93471 
270 6.22169 1.28191 
271 6.25922 1.60888 
272 6.2402 1.89156 
273 6.28202 2.16905 
274 6.25086 2.5306 
275 6.29128 2.76948 
276 6.25317 3.13464 
277 6.26223 3.45809 
278 6.5466 0.142179 
279 6.52721 0.436023 
280 6.56809 0.816547 
281 6.52808 1.10078 
282 6.59127 1.37965 
283 6.60141 1.71282 
284 6.53113 2.03716 
285 6.53194 2.37185 
286 6.59701 2.65103 
287 6.51578 2.92786 1000
288 6.5754 3.28053 
289 6.54134 3.56375 
290 6.88177 0.029001 
291 6.84858 0.351613 
292 6.89905 0.580935 
293 6.88899 0.947322 
294 6.88609 1.2124 
295 6.88291 1.55573 
296 6.87155 1.89439 
297 6.83272 2.18071 
298 6.84993 2.51757 
299 6.9164 2.82083 
300 6.88433 3.16921 
301 6.88826 3.42294 
302 6.87682 3.72577 
303 7.22626 0.154551 
304 7.22081 0.487295 1000
305 7.16922 0.754821 
306 7.17185 1.0916 
307 7.23106 1.37648 
308 7.195 1.69886 
309 7.19918 2.05342 
310 7.21629 2.36886 
311 7.14245 2.6641 
312 7.1896 3.01536 
313 7.23277 3.23652 
314 7.16997 3.59889 
315 7.54163 -0.012086 
316 7.51772 0.344709 
317 7.50315 0.59953 
318 7.50209 0.920754 
319 7.50562 1.23756 
320 7.53151 1.5912 
321 7.49471 1.86885 
322 7.48057 2.20989 
323 7.53964 2.50057 
324 7.49775 2.7878 
325 7.47176 3.11324 1000
326 7.53554 3.46486 
327 7.46845 3.70635 
328 7.76899 0.171368 
329 7.76604 0.439654 
330 7.8223 0.792906 
331 7.85928 1.0795 
332 7.81619 1.42605 
333 7.82723 1.72773 
334 7.84556 2.04584 
335 7.80445 2.32967 
336 7.85431 2.64801 
337 7.83482 2.99602 
338 7.77867 3.29534 
339 7.84799 3.62737 
340 7.83326 3.94941 
341 8.08844 0.035716 
342 8.09329 0.295261 
343 8.1502 0.638544 
344 8.13124 0.947913 
345 8.13499 1.26634 
346 8.14554 1.56903 
347 8.16758 1.89865 
348 8.10302 2.15616 
349 8.14997 2.49776 
350 8.09037 2.82452 
351 8.11745 3.13279 
352 8.10357 3.40653 
353 8.11495 3.76566 
354 8.43984 0.156475 
355 8.47573 0.433792 
356 8.45673 0.743916 
357 8.46357 1.04793 
358 8.42812 1.41029 
359 8.40947 1.76408 
360 8.4823 2.07361 
361 8.4839 2.30608 
362 8.42867 2.62776 
363 8.46909 2.94501 
364 8.47648 3.27253 
365 8.4684 3.60722 
366 8.7618 0.000894 
367 8.71021 0.270737 
368 8.71422 0.605252 
369 8.75322 0.906216 
370 8.74639 1.29137 
371 8.74625 1.58942 
372 8.72726 1.91177 
373 8.71315 2.1486 
374 8.70756 2.46792 
375 8.75445 2.8118 
376 8.77661 3.11034 
377 8.78558 3.48357 
378 9.04217 0.132877 
379 9.10856 0.440062 
380 9.07109 0.736493 
381 9.02336 1.06745 
382 9.08031 1.36167 
383 9.0404 1.69612 
384 9.05894 2.03838 
385 9.05426 2.38912 
386 9.10459 2.67087 
387 9.10744 2.94824 
388 9.04807 3.26943 
389 9.36619 -0.019922 
390 9.37138 0.296213 
391 9.37594 0.61181 
392 9.3904 0.970904 
393 9.32897 1.27764 
394 9.38556 1.60706 
395 9.40518 1.87987 
396 9.39913 2.21816 
397 9.41387 2.47277 
398 9.40437 2.79636 
399 9.3869 3.16902 
400 9.68757 0.181015 
401 9.70839 0.514988 
402 9.69394 0.790449 
403 9.73325 1.06906 
404 9.70341 1.36708 
405 9.65076 1.74531 
406 9.64666 2.0445 
407 9.65208 2.33393 
408 9.68642 2.6516 
409 9.71252 3.00796 
410 5.92926 5.19125 
411 5.95253 5.51444 
412 5.981 5.80534 
413 5.94687 6.05716 
414 5.92218 6.38664 
415 5.92386 6.7562 
416 6.22197 4.968 
417 6.22079 5.2686 
418 6.27092 5.61142 
419 6.26006 5.94188 
420 6.26855 6.26666 
421 6.2503 6.5314 
422 6.24828 6.86826 
423 6.52014 4.82726 
424 6.54106 5.11415 
425 6.5871 5.43664 
426 6.52819 5.75222 
427 6.56599 6.07125 
428 6.51708 6.43888 
429 6.60274 6.73637 
430 6.54971 7.06498 
431 6.84963 4.04762 
432 6.83273 4.36907 
433 6.86786 4.67556 
434 6.91638 5.00013 
435 6.8937 5.34913 
436 6.83214 5.58091 
437 6.82835 5.96076 
438 6.84516 6.29355 
439 6.89204 6.56693 
440 6.84639 6.90027 1000
441 6.84242 7.17866 
442 7.15237 3.86871 
443 7.20348 4.23588 
444 7.19858 4.54743 
445 7.19712 4.87908 
446 7.17262 5.12845 
447 7.14415 5.45937 
448 7.21353 5.78088 
449 7.17778 6.10408 
450 7.22288 6.42942 
451 7.15616 6.71766 
452 7.17536 7.02712 
453 7.20917 7.31277 
454 7.15368 7.65863 
455 7.15682 7.92783 
456 7.19869 8.2364 
457 7.47191 4.09879 
458 7.45719 4.34564 
459 7.54513 4.72919 
460 7.47694 4.96818 
461 7.46921 5.32248 
462 7.48228 5.64624 
463 7.47905 5.91906 
464 7.48303 6.27093 
465 7.50635 6.57103 
466 7.46379 6.86223 
467 7.51805 7.18012 
468 7.49242 7.49005 
469 7.50263 7.82228 
470 7.51005 8.16918 
471 7.52591 8.40153 
472 7.52149 8.79344 1000
473 7.48927 9.02314 
474 7.53943 9.33558 
475 7.81992 4.21322 
476 7.80196 4.53022 
477 7.77152 4.87708 
478 7.77053 5.12264 
479 7.76803 5.46511 
480 7.77358 5.78063 
481 7.77731 6.08255 
482 7.77377 6.43062 
483 7.78936 6.71546 
484 7.7736 7.02045 
485 7.82801 7.36509 
486 7.77017 7.64408 
487 7.77011 8.01385 
488 7.78369 8.27717 
489 7.84702 8.56865 
490 7.84472 8.8788 
491 7.77835 9.2445 
492 7.7958 9.50001 
493 8.14988 4.05228 
494 8.16687 4.34965 
495 8.15137 4.65592 
496 8.13364 4.98289 
497 8.12418 5.3115 
498 8.16594 5.60894 
499 8.16242 5.92342 
500 8.14908 6.29206 
501 8.07981 6.52214 
502 8.16172 6.84798 
503 8.11817 7.21309 
504 8.07917 7.47189 
505 8.16316 7.85093 
506 8.12385 8.12422 
507 8.0927 8.44567 
508 8.15558 8.78065 
509 8.15624 9.0689 
510 8.16569 9.41967 
511 8.1384 9.65835 
512 8.41053 3.89837 
513 8.46675 4.2531 
514 8.418 4.49292 
515 8.43493 4.8829 
516 8.4648 5.12015 
517 8.41536 5.48057 
518 8.47403 5.77519 
519 8.47781 6.11356 
520 8.40675 6.36433 
521 8.44516 6.72138 
522 8.45383 7.0709 
523 8.41469 7.30098 
524 8.46124 7.62229 
525 8.41255 7.99817 
526 8.41482 8.26458 
527 8.4745 8.62582 
528 8.44624 8.89679 
529 8.44541 9.20626 
530 8.44901 9.54065 
531 8.48391 9.83317 
532 8.75811 3.74519 
533 8.74066 4.09565 
534 8.72868 4.34092 
535 8.77672 4.66231 
536 8.71882 5.01717 
537 8.73455 5.27353 
538 8.70518 5.661 
539 8.78538 5.9079 
540 8.74958 6.21537 
541 8.75072 6.57014 
542 8.75226 6.89376 
543 8.77786 7.16394 
544 8.79232 7.53796 
545 8.77416 7.80007 
546 8.72555 8.16073 
547 8.76768 8.41932 
548 8.7629 8.76252 
549 8.71388 9.04163 
550 8.71082 9.3915 
551 8.78833 9.64937 
552 9.05527 3.62678 
553 9.05933 3.87526 1000
554 9.09601 4.19081 
555 9.08726 4.56179 
556 9.07804 4.80872 
557 9.06452 5.18157 
558 9.10548 5.46737 
559 9.06747 5.75018 
560 9.05804 6.08088 
561 9.02244 6.40154 
562 9.02947 6.73224 
563 9.03745 6.99136 
564 9.04472 7.38314 
565 9.0179 7.65868 
566 9.06125 7.95711 
567 9.06582 8.32414 
568 9.03463 8.60173 
569 9.08065 8.91519 
570 9.06944 9.26491 
571 9.02488 9.52689 
572 9.0227 9.81056 
573 9.39564 3.41251 
574 9.41185 3.77122 
575 9.38282 4.0214 
576 9.35501 4.3447 
577 9.38069 4.66596 
578 9.37428 4.96462 
579 9.42014 5.28205 
580 9.38556 5.65015 
581 9.3651 5.94259 
582 9.40435 6.22796 
583 9.35521 6.60535 
584 9.33937 6.89537 
585 9.33661 7.17774 
586 9.36506 7.50607 
587 9.37879 7.85437 
588 9.33465 8.16656 
589 9.35958 8.43151 
590 9.38579 8.7074 
591 9.37725 9.09994 
592 9.3816 9.38119 
593 9.37921 9.65461 
594 9.7058 3.28332 
595 9.6765 3.63018 
596 9.71985 3.90166 
597 9.69495 4.1812 
598 9.65795 4.49959 
599 9.70304 4.80523 
600 9.66064 5.17175 
601 9.71409 5.48932 
602 9.69794 5.735 
603 9.67622 6.07213 
604 9.71567 6.3692 
605 9.67026 6.70245 
606 9.6494 6.98447 
607 9.67957 7.35741 
608 9.68667 7.69056 
609 9.73058 7.93799 
610 9.66937 8.24763 
611 9.68836 8.62014 
612 9.66219 8.92541 
613 9.65733 9.19411 
614 9.64973 9.551 
615 9.67951 9.85523 
616 -0.031893 7.51877 
617 0.037696 7.78991 
618 -0.006979 8.13786 
619 -0.00805 8.40255 
620 -0.03036 8.72789 
621 -0.00829 9.09355 
622 -0.020742 9.40293 
623 0.039835 9.6957 
624 0.34586 7.32706 
625 0.292006 7.68267 
626 0.350157 7.94924 
627 0.27082 8.25978 
628 0.321049 8.60691 
629 0.321636 8.93752 
630 0.351499 9.21221 
631 0.353119 9.56722 
632 0.288719 9.82416 
633 0.669404 7.49335 
634 0.587557 7.78071 
635 0.600938 8.16156 
636 0.661748 8.42937 
637 0.653974 8.70761 1000
638 0.59474 9.03412 
639 0.656503 9.36728 
640 0.655475 9.72898 
641 0.909686 7.65999 
642 0.891207 7.96197 
643 0.915746 8.27351 
644 0.976564 8.60777 
645 0.981153 8.88891 
646 0.971304 9.17549 
647 0.983418 9.49084 1000
648 0.982653 9.81995 
649 1.26869 7.76685 
650 1.207 8.10225 
651 1.29435 8.46863 
652 1.25356 8.7429 
653 1.2173 9.056 
654 1.29445 9.33838 
655 1.20414 9.7233 
656 1.58458 7.6789 
657 1.51681 7.93089 
658 1.6059 8.31041 
659 1.54352 8.6326 
660 1.56601 8.86858 
661 1.57197 9.2656 
662 1.59897 9.57781 
663 1.57838 9.8586 
664 1.89367 7.52832 
665 1.83535 7.82516 
666 1.90394 8.15249 
667 1.87777 8.47926 
668 1.85969 8.78021 
669 1.85292 9.10071 
670 1.90586 9.36905 
671 1.9093 9.70422 
672 2.15272 7.63257 
673 2.14414 7.92841 
674 2.16368 8.29326 
675 2.17911 8.60258 
676 2.17865 8.89904 
677 2.15157 9.2616 
678 2.14245 9.49688 
679 2.20137 9.83661 
680 2.49605 7.79754 
681 2.48944 8.11745 
682 2.49861 8.4811 
683 2.5346 8.7613 
684 2.50251 9.06124 
685 2.49609 9.33468 
686 2.51048 9.66495 
687 2.84904 7.64497 
688 2.82053 8.01176 
689 2.78728 8.31895 
690 2.82086 8.61422 
691 2.81885 8.91204 
692 2.83041 9.21045 
693 2.85538 9.50742 1000
694 2.77794 9.87021 
695 3.10055 7.8222 
696 3.10143 8.10619 
697 3.13875 8.40241 
698 3.12143 8.70366 
699 3.16957 9.09096 
700 3.1283 9.37716 
701 3.10892 9.726 
702 3.41212 7.6683 
703 3.47561 7.93848 
704 3.43038 8.26101 
705 3.46618 8.62434 
706 3.40102 8.93924 
707 3.46665 9.24731 
708 3.45298 9.50269 
709 3.42561 9.86693 
710 3.76301 7.51344 
711 3.76945 7.77766 
712 3.744 8.12813 
713 3.77724 8.47696 
714 3.71966 8.74741 
715 3.79334 9.06328 
716 3.75983 9.37101 
717 3.76661 9.72114 
718 4.07921 7.33242 
719 4.04985 7.66604 
720 4.1039 7.939 
721 4.05936 8.28149 
722 4.0784 8.58081 
723 4.10224 8.88796 
724 4.06117 9.2227 
725 4.09803 9.55861 
726 4.08212 9.84042 
727 4.40287 7.18696 
728 4.35117 7.53509 
729 4.4082 7.79605 
730 4.41629 8.15933 
731 4.34778 8.47879 
732 4.3362 8.78263 
733 4.38228 9.02954 
734 4.39092 9.37289 
735 4.33862 9.66894 
736 4.71195 7.02728 
737 4.6454 7.3086 
738 4.71008 7.63844 
739 4.65136 8.00774 
740 4.65053 8.26169 
741 4.65965 8.60807 
742 4.70802 8.94873 
743 4.68213 9.22864 
744 4.64551 9.5191 
745 4.73277 9.80541 
746 4.96876 6.86822 
747 4.98081 7.19076 
748 5.03495 7.49125 
749 4.99414 7.85392 
750 4.96794 8.1488 
751 5.04643 8.46916 
752 5.00548 8.76251 
753 4.96943 9.06091 
754 5.03695 9.36068 
755 4.98564 9.71452 
756 5.29596 6.75076 
757 5.31684 7.05707 
758 5.30634 7.29693 
759 5.33481 7.63075 
760 5.33335 7.94433 1000
761 5.3178 8.31884 
762 5.35015 8.60902 
763 5.3516 8.95116 
764 5.34411 9.21187 
765 5.2781 9.51819 
766 5.34136 9.86583 
767 5.62085 6.85051 
768 5.63424 7.17005 
769 5.6265 7.47274 
770 5.66405 7.78267 
771 5.61413 8.1382 
772 5.63059 8.40459 
773 5.59342 8.77204 
774 5.60361 9.02389 
775 5.64465 9.34818 
776 5.65551 9.69002 
777 5.9595 7.01803 
778 5.9797 7.35134 
779 5.93397 7.6496 
780 5.90963 7.94236 
781 5.95216 8.30607 
782 5.92687 8.61329 
783 5.92066 8.89261 
784 5.9493 9.26272 
785 5.93538 9.55488 
786 5.94937 9.86039 
787 6.25033 7.1985 
788 6.23459 7.52782 
789 6.25517 7.81306 1000
790 6.24575 8.14128 
791 6.24566 8.42733 
792 6.20726 8.79528 
793 6.22217 9.06037 
794 6.29649 9.33228 
795 6.23789 9.73109 
796 6.59511 7.30015 
797 6.56937 7.67139 
798 6.59543 8.00123 
799 6.56203 8.24811 
800 6.5541 8.59222 
801 6.57797 8.89735 
802 6.60172 9.26192 
803 6.54416 9.56071 
804 6.54291 9.85658 
805 6.86087 7.49599 
806 6.87061 7.84634 
807 6.84672 8.0939 
808 6.85806 8.40963 
809 6.91738 8.75515 
810 6.90129 9.07358 
811 6.8586 9.34522 
812 6.91343 9.729 
813 7.17965 8.55291 
814 7.20799 8.92187 
815 7.20564 9.22675 
816 7.22309 9.5595 
817 7.16073 9.83462 
818 7.51876 9.66702 
819 7.81236 9.8862 
820 -0.011569 4.65668 
821 0.00254 5.02991 
822 -0.03608 5.28632 
823 0.002781 5.62995 
824 0.023344 5.91941 
825 -0.027097 6.24899 
826 -0.010878 6.51637 
827 0.035835 6.84014 
828 -0.01212 7.15746 
829 0.279681 4.81682 
830 0.268682 5.11369 
831 0.319019 5.50207 
832 0.321699 5.73866 
833 0.289506 6.09182 
834 0.276814 6.4004 
835 0.309791 6.71806 
836 0.291319 6.98576 
837 0.626701 4.69112 
838 0.64516 4.99239 
839 0.58319 5.3278 
840 0.606009 5.65364 
841 0.646939 5.92522 
842 0.606826 6.2525 
843 0.623841 6.51647 
844 0.629163 6.87778 
845 0.625939 7.1461 
846 0.918864 4.82444 
847 0.964369 5.14752 
848 0.972646 5.48788 
849 0.926202 5.75882 
850 0.894685 6.05589 
851 0.939046 6.38534 
852 0.919875 6.68231 
853 0.94291 6.98777 
854 0.948142 7.37157 
855 1.23006 4.73141 
856 1.27125 4.95442 
857 1.26057 5.30825 
858 1.21392 5.63658 
859 1.27561 5.98371 
860 1.26518 6.27236 
861 1.24659 6.60594 
862 1.25838 6.88948 
863 1.21667 7.22895 1000
864 1.25612 7.50762 
865 1.59655 4.52327 
866 1.52045 4.79796 
867 1.5979 5.11355 
868 1.59336 5.46019 
869 1.52922 5.79017 
870 1.52943 6.12056 1000
871 1.5227 6.42679 
872 1.51564 6.69841 
873 1.56821 7.07641 
874 1.59793 7.37875 
875 1.90921 4.7168 
876 1.90844 4.95764 
877 1.84779 5.28608 
878 1.85735 5.57849 
879 1.83753 5.94401 
880 1.88671 6.20948 
881 1.82857 6.58798 
882 1.90268 6.89332 
883 1.85784 7.16503 
884 2.20777 4.84951 
885 2.19154 5.15042 
886 2.23148 5.43368 
887 2.22997 5.75523 
888 2.18833 6.08596 
889 2.15789 6.39935 
890 2.17767 6.71816 
891 2.16287 7.03678 
892 2.1546 7.33592 
893 2.53213 4.67894 
894 2.54172 5.02865 
895 2.46622 5.34571 
896 2.47129 5.60253 
897 2.48261 5.9377 
898 2.48749 6.29326 
899 2.45536 6.55247 
900 2.48129 6.89846 
901 2.46886 7.23223 
902 2.52816 7.46975 
903 2.84202 4.50296 
904 2.80626 4.86417 
905 2.80248 5.18377 1000
906 2.81269 5.51044 
907 2.78662 5.77232 
908 2.85213 6.0469 
909 2.80812 6.38478 
910 2.83288 6.68172 
911 2.83879 7.04181 
912 2.78404 7.38139 
913 3.1584 4.41066 
914 3.16944 4.68304 
915 3.10154 5.01338 
916 3.12535 5.3514 
917 3.16507 5.57943 
918 3.08475 5.89215 
919 3.08989 6.27474 
920 3.12978 6.5791 
921 3.15027 6.82889 
922 3.11313 7.21554 
923 3.141 7.47058 
924 3.40615 4.19811 
925 3.4649 4.55222 
926 3.45762 4.79811 
927 3.43431 5.17499 
928 3.39759 5.42642 
929 3.40899 5.74681 
930 3.39577 6.11802 
931 3.42229 6.40596 
932 3.43198 6.74156 
933 3.42151 7.04943 
934 3.41749 7.35265 
935 3.7556 4.07768 
936 3.79624 4.37317 
937 3.7831 4.69113 
938 3.76701 4.98927 
939 3.76729 5.31728 
940 3.77355 5.60656 
941 3.7269 5.95845 
942 3.74911 6.2709 
943 3.78548 6.56799 
944 3.79031 6.90281 
945 3.76546 7.23433 
946 4.08195 3.90349 
947 4.04278 4.22966 
948 4.09823 4.50169 
949 4.06716 4.8066 
950 4.05269 5.15476 
951 4.03002 5.45205 1000
952 4.01954 5.7416 
953 4.03603 6.14061 
954 4.05362 6.43354 
955 4.07434 6.69005 
956 4.04301 7.05211 
957 4.33006 3.74565 
958 4.41972 4.08195 
959 4.41397 4.37928 
960 4.40705 4.65147 
961 4.38034 5.00475 
962 4.38456 5.32645 
963 4.32824 5.64458 
964 4.34706 5.93933 
965 4.37571 6.22927 
966 4.41936 6.59462 
967 4.36679 6.89949 
968 4.68442 3.63618 
969 4.64411 3.86036 
970 4.67983 4.22096 
971 4.70139 4.52014 
972 4.68191 4.87251 
973 4.73214 5.20193 
974 4.65982 5.4758 
975 4.66556 5.7811 
976 4.65172 6.1261 
977 4.72582 6.41617 
978 4.68762 6.68716 
979 4.97831 3.39784 
980 4.9534 3.70934 
981 4.95698 4.02048 
982 4.9918 4.33071 
983 5.01808 4.71187 
984 4.99793 5.01478 -20000
985 4.98533 5.28586 
986 5.03489 5.65703 
987 5.00419 5.90663 
988 4.96049 6.25934 
989 4.97651 6.60359 
990 5.27978 3.31774 
991 5.32081 3.59683 
992 5.34188 3.8661 
993 5.26812 4.24316 
994 5.2907 4.5691 
995 5.26612 4.84724 
996 5.29066 5.16937 
997 5.30908 5.50096 
998 5.28929 5.74994 
999 5.27729 6.0501 
1000 5.2812 6.42759 
1001 5.59138 3.43869 
1002 5.6044 3.70317 
1003 5.65712 4.08959 
1004 5.6715 4.37509 
1005 5.5953 4.73372 
1006 5.60972 4.95314 
1007 5.5987 5.2964 
1008 5.59302 5.60126 
1009 5.57904 5.96422 
1010 5.60072 6.21323 
1011 5.64804 6.55948 
1012 5.97667 3.5534 
1013 5.93376 3.89248 
1014 5.97552 4.25659 
1015 5.92117 4.52076 
1016 5.96081 4.8569 
1017 6.2252 3.77486 
1018 6.2906 4.02794 
1019 6.24166 4.36261 1000
1020 6.2583 4.6838 
1021 6.57367 3.92889 
1022 6.59429 4.25149 
1023 6.5414 4.53702 
#
0 8
0 14
0 3
0 30
0 15
0 1
0 2
0 4
1 0
1 2
1 15
1 16
2 0
2 1
2 16
2 3
2 17
3 0
3 18
3 2
3 4
3 17
4 0
4 18
4 8
4 19
4 3
4 5
4 6
5 4
5 6
5 19
5 20
6 8
6 21
6 5
6 20
6 4
6 7
7 6
7 8
7 21
7 22
8 0
8 11
8 4
8 22
8 6
8 7
8 23
8 9
8 10
8 14
9 8
9 10
9 23
9 24
10 8
10 9
10 24
10 11
10 25
11 8
11 26
11 10
11 14
11 25
11 12
12 11
12 14
12 27
12 26
12 13
13 12
13 14
13 27
13 28
14 8
14 13
14 29
14 616
14 11
14 0
14 12
14 28
14 820
14 822
14 620
820 14
820 822
820 829
820 29
820 821
821 820
821 822
821 829
821 830
822 14
822 616
822 821
822 831
822 830
822 820
822 823
822 825
823 822
823 831
823 824
823 832
823 825
824 823
824 825
824 832
824 833
825 822
825 824
825 834
825 616
825 833
825 823
825 826
825 828
826 825
826 828
826 835
826 834
826 827
827 826
827 828
827 835
827 836
828 825
828 827
828 624
828 616
828 836
828 826
616 14
616 617
616 825
616 828
616 625
616 620
616 822
616 624
616 618
617 616
617 618
617 625
617 626
618 617
618 627
618 619
618 626
618 616
618 620
619 618
619 627
619 620
619 628
620 14
620 616
620 628
620 618
620 619
620 629
620 621
620 622
621 620
621 622
621 629
621 630
622 620
622 621
622 630
622 623
622 631
623 622
623 631
623 632
15 0
15 31
15 1
15 30
15 16
16 2
16 17
16 1
16 31
16 15
16 32
17 2
17 18
17 33
17 3
17 16
17 32
18 4
18 19
18 3
18 33
18 17
18 34
19 4
19 20
19 35
19 5
19 18
19 34
20 5
20 21
20 36
20 6
20 19
20 35
21 7
21 22
21 6
21 36
21 20
21 37
22 8
22 23
22 7
22 37
22 21
22 38
23 8
23 24
23 39
23 9
23 22
23 38
24 10
24 25
24 9
24 39
24 23
24 40
25 10
25 26
25 41
25 11
25 24
25 40
26 11
26 27
26 42
26 12
26 25
26 41
27 12
27 28
27 43
27 13
27 26
27 42
28 14
28 29
28 13
28 43
28 27
28 44
29 14
29 829
29 837
29 820
29 28
29 44
829 821
829 830
829 820
829 837
829 29
829 838
830 821
830 831
830 839
830 822
830 829
830 838
831 823
831 832
831 822
831 839
831 830
831 840
832 824
832 833
832 823
832 840
832 831
832 841
833 825
833 834
833 824
833 841
833 832
833 842
834 825
834 835
834 843
834 826
834 833
834 842
835 827
835 836
835 826
835 843
835 834
835 844
836 827
836 624
836 845
836 828
836 835
836 844
624 616
624 625
624 828
624 845
624 836
624 633
625 616
625 626
625 634
625 617
625 624
625 633
626 618
626 627
626 617
626 634
626 625
626 635
627 618
627 628
627 636
627 619
627 626
627 635
628 620
628 629
628 619
628 636
628 627
628 637
629 620
629 630
629 638
629 621
629 628
629 637
630 622
630 631
630 621
630 638
630 629
630 639
631 623
631 632
631 622
631 639
631 630
631 640
632 623
632 663
632 631
632 648
632 640
30 0
30 31
30 15
30 60
30 45
31 15
31 16
31 32
31 30
31 46
31 45
32 16
32 31
32 47
32 33
32 17
32 46
33 17
33 18
33 34
33 32
33 48
33 47
34 18
34 33
34 49
34 35
34 19
34 48
35 19
35 20
35 36
35 34
35 50
35 49
36 20
36 35
36 51
36 37
36 21
36 50
37 21
37 22
37 38
37 36
37 52
37 51
38 22
38 37
38 53
38 39
38 23
38 52
39 23
39 24
39 40
39 38
39 54
39 53
40 24
40 25
40 41
40 39
40 55
40 54
41 25
41 40
41 56
41 42
41 26
41 55
42 26
42 27
42 43
42 41
42 57
42 56
43 27
43 42
43 58
43 44
43 28
43 57
44 28
44 29
44 837
44 43
44 59
44 58
837 29
837 829
837 838
837 44
837 846
837 59
838 829
838 837
838 847
838 839
838 830
838 846
839 830
839 831
839 840
839 838
839 848
839 847
840 831
840 832
840 841
840 839
840 849
840 848
841 832
841 840
841 850
841 842
841 833
841 849
842 833
842 834
842 843
842 841
842 851
842 850
843 834
843 835
843 844
843 842
843 852
843 851
844 835
844 843
844 853
844 845
844 836
844 852
845 836
845 624
845 633
845 844
845 854
845 853
633 624
633 845
633 641
633 634
633 625
633 854
634 625
634 626
634 635
634 633
634 642
634 641
635 626
635 627
635 636
635 634
635 643
635 642
636 627
636 635
636 644
636 637
636 628
636 643
637 628
637 629
637 638
637 636
637 645
637 644
638 629
638 630
638 639
638 637
638 646
638 645
639 630
639 638
639 647
639 640
639 631
639 646
640 631
640 648
640 632
640 639
640 647
45 30
45 61
45 31
45 60
45 46
46 32
46 47
46 31
46 61
46 45
46 62
47 32
47 48
47 63
47 33
47 46
47 62
48 34
48 49
48 33
48 63
48 47
48 64
49 34
49 50
49 65
49 35
49 48
49 64
50 35
50 51
50 66
50 36
50 49
50 65
51 36
51 52
51 67
51 37
51 50
51 66
52 38
52 53
52 37
52 67
52 51
52 68
53 38
53 54
53 69
53 39
53 52
53 68
54 40
54 55
54 39
54 69
54 53
54 70
55 40
55 56
55 71
55 41
55 54
55 70
56 42
56 57
56 41
56 71
56 55
56 72
57 42
57 58
57 73
57 43
57 56
57 72
58 44
58 59
58 43
58 73
58 57
58 74
59 837
59 846
59 44
59 74
59 58
59 855
846 837
846 847
846 856
846 838
846 59
846 855
847 839
847 848
847 838
847 856
847 846
847 857
848 839
848 849
848 858
848 840
848 847
848 857
849 841
849 850
849 840
849 858
849 848
849 859
850 841
850 851
850 860
850 842
850 849
850 859
851 843
851 852
851 842
851 860
851 850
851 861
852 843
852 853
852 862
852 844
852 851
852 861
853 844
853 854
853 863
853 845
853 852
853 862
854 633
854 641
854 845
854 863
854 853
854 864
641 634
641 642
641 633
641 864
641 854
641 649
642 634
642 643
642 650
642 635
642 641
642 649
643 635
643 644
643 651
643 636
643 642
643 650
644 637
644 645
644 636
644 651
644 643
644 652
645 637
645 646
645 653
645 638
645 644
645 652
646 638
646 647
646 654
646 639
646 645
646 653
647 640
647 648
647 639
647 654
647 646
647 655
648 632
648 640
648 647
648 663
648 655
60 30
60 61
60 45
60 89
60 75
61 45
61 46
61 62
61 60
61 76
61 75
62 46
62 47
62 63
62 61
62 77
62 76
63 47
63 62
63 78
63 64
63 48
63 77
64 48
64 49
64 65
64 63
64 79
64 78
65 49
65 64
65 80
65 66
65 50
65 79
66 50
66 51
66 67
66 65
66 81
66 80
67 51
67 52
67 68
67 66
67 82
67 81
68 52
68 67
68 83
68 69
68 53
68 82
69 53
69 54
69 70
69 68
69 84
69 83
70 54
70 69
70 85
70 71
70 55
70 84
71 55
71 56
71 72
71 70
71 86
71 85
72 56
72 71
72 87
72 73
72 57
72 86
73 57
73 58
73 74
73 72
73 88
73 87
74 58
74 73
74 865
74 855
74 59
74 88
855 59
855 846
855 856
855 74
855 866
855 865
856 846
856 855
856 867
856 857
856 847
856 866
857 847
857 856
857 868
857 858
857 848
857 867
858 848
858 849
858 859
858 857
858 869
858 868
859 849
859 858
859 870
859 860
859 850
859 869
860 850
860 859
860 871
860 861
860 851
860 870
861 851
861 852
861 862
861 860
861 872
861 871
862 852
862 861
862 873
862 863
862 853
862 872
863 853
863 854
863 864
863 862
863 874
863 873
864 854
864 863
864 656
864 649
864 641
864 874
649 641
649 864
649 657
649 650
649 642
649 656
650 642
650 643
650 651
650 649
650 658
650 657
651 643
651 650
651 659
651 652
651 644
651 658
652 644
652 651
652 660
652 653
652 645
652 659
653 645
653 646
653 654
653 652
653 661
653 660
654 646
654 653
654 662
654 655
654 647
654 661
655 647
655 663
655 648
655 654
655 662
75 60
75 90
75 61
75 76
75 89
76 62
76 77
76 61
76 90
76 75
76 91
77 62
77 78
77 92
77 63
77 76
77 91
78 64
78 79
78 63
78 92
78 77
78 93
79 65
79 80
79 64
79 93
79 78
79 94
80 65
80 81
80 95
80 66
80 79
80 94
81 67
81 82
81 66
81 95
81 80
81 96
82 68
82 83
82 67
82 96
82 81
82 97
83 69
83 84
83 68
83 97
83 82
83 98
84 69
84 85
84 99
84 70
84 83
84 98
85 71
85 86
85 70
85 99
85 84
85 100
86 71
86 87
86 101
86 72
86 85
86 100
87 72
87 88
87 102
87 73
87 86
87 101
88 73
88 865
88 103
88 74
88 87
88 102
865 74
865 866
865 875
865 855
865 88
865 103
866 855
866 867
866 876
866 856
866 865
866 875
867 857
867 868
867 856
867 876
867 866
867 877
868 857
868 869
868 878
868 858
868 867
868 877
869 859
869 870
869 858
869 878
869 868
869 879
870 859
870 871
870 880
870 860
870 869
870 879
871 860
871 872
871 881
871 861
871 870
871 880
872 861
872 873
872 882
872 862
872 871
872 881
873 863
873 874
873 862
873 882
873 872
873 883
874 863
874 656
874 664
874 864
874 873
874 883
656 649
656 657
656 864
656 664
656 874
656 665
657 649
657 658
657 666
657 650
657 656
657 665
658 651
658 659
658 650
658 666
658 657
658 667
659 652
659 660
659 651
659 667
659 658
659 668
660 652
660 661
660 669
660 653
660 659
660 668
661 654
661 662
661 653
661 669
661 660
661 670
662 655
662 663
662 654
662 670
662 661
662 671
663 632
663 648
663 655
663 662
663 671
663 679
663 694
89 60
89 75
89 90
89 266
89 148
89 119
89 104
90 75
90 89
90 105
90 91
90 76
90 104
91 76
91 90
91 106
91 92
91 77
91 105
92 77
92 78
92 93
92 91
92 107
92 106
93 78
93 92
93 108
93 94
93 79
93 107
94 79
94 93
94 109
94 95
94 80
94 108
95 80
95 81
95 96
95 94
95 110
95 109
96 81
96 95
96 111
96 97
96 82
96 110
97 82
97 83
97 98
97 96
97 112
97 111
98 83
98 97
98 113
98 99
98 84
98 112
99 84
99 98
99 114
99 100
99 85
99 113
100 85
100 86
100 101
100 99
100 115
100 114
101 86
101 100
101 116
101 102
101 87
101 115
102 87
102 88
102 103
102 101
102 117
102 116
103 88
103 102
103 118
103 875
103 865
103 117
875 865
875 866
875 876
875 103
875 884
875 118
876 866
876 875
876 885
876 877
876 867
876 884
877 867
877 868
877 878
877 876
877 886
877 885
878 868
878 877
878 887
878 879
878 869
878 886
879 869
879 870
879 880
879 878
879 888
879 887
880 870
880 871
880 881
880 879
880 889
880 888
881 871
881 872
881 882
881 880
881 890
881 889
882 872
882 881
882 891
882 883
882 873
882 890
883 873
883 874
883 664
883 882
883 892
883 891
664 874
664 883
664 672
664 665
664 656
664 892
665 656
665 657
665 666
665 664
665 673
665 672
666 657
666 665
666 674
666 667
666 658
666 673
667 658
667 666
667 675
667 668
667 659
667 674
668 659
668 660
668 669
668 667
668 676
668 675
669 660
669 661
669 670
669 668
669 677
669 676
670 661
670 669
670 678
670 671
670 662
670 677
671 662
671 679
671 663
671 670
671 678
104 89
104 120
104 90
104 119
104 105
105 90
105 106
105 121
105 91
105 104
105 120
106 92
106 107
106 91
106 121
106 105
106 122
107 93
107 108
107 92
107 122
107 106
107 123
108 93
108 109
108 124
108 94
108 107
108 123
109 95
109 110
109 94
109 124
109 108
109 125
110 96
110 111
110 95
110 125
110 109
110 126
111 97
111 112
111 96
111 126
111 110
111 127
112 97
112 113
112 128
112 98
112 111
112 127
113 99
113 114
113 98
113 128
113 112
113 129
114 100
114 115
114 99
114 129
114 113
114 130
115 100
115 116
115 131
115 101
115 114
115 130
116 101
116 117
116 132
116 102
116 115
116 131
117 102
117 118
117 133
117 103
117 116
117 132
118 103
118 884
118 893
118 875
118 117
118 133
884 876
884 885
884 875
884 893
884 118
884 894
885 876
885 886
885 895
885 877
885 884
885 894
886 878
886 887
886 877
886 895
886 885
886 896
887 878
887 888
887 897
887 879
887 886
887 896
888 879
888 889
888 898
888 880
888 887
888 897
889 880
889 890
889 899
889 881
889 888
889 898
890 882
890 891
890 881
890 899
890 889
890 900
891 883
891 892
891 882
891 900
891 890
891 901
892 664
892 672
892 883
892 901
892 891
892 902
672 664
672 673
672 680
672 665
672 892
672 902
673 665
673 674
673 681
673 666
673 672
673 680
674 666
674 675
674 682
674 667
674 673
674 681
675 668
675 676
675 667
675 682
675 674
675 683
676 668
676 677
676 684
676 669
676 675
676 683
677 670
677 678
677 669
677 684
677 676
677 685
678 670
678 679
678 686
678 671
678 677
678 685
679 663
679 671
679 678
679 694
679 686
119 89
119 120
119 104
119 148
119 134
120 104
120 105
120 121
120 119
120 135
120 134
121 105
121 106
121 122
121 120
121 136
121 135
122 106
122 107
122 123
122 121
122 137
122 136
123 107
123 122
123 138
123 124
123 108
123 137
124 108
124 109
124 125
124 123
124 139
124 138
125 109
125 124
125 140
125 126
125 110
125 139
126 110
126 111
126 127
126 125
126 141
126 140
127 111
127 112
127 128
127 126
127 142
127 141
128 112
128 127
128 143
128 129
128 113
128 142
129 113
129 114
129 130
129 128
129 144
129 143
130 114
130 129
130 145
130 131
130 115
130 144
131 115
131 116
131 132
131 130
131 146
131 145
132 116
132 117
132 133
132 131
132 147
132 146
133 117
133 132
133 903
133 893
133 118
133 147
893 118
893 884
893 894
893 133
893 904
893 903
894 884
894 893
894 905
894 895
894 885
894 904
895 885
895 886
895 896
895 894
895 906
895 905
896 886
896 887
896 897
896 895
896 907
896 906
897 887
897 896
897 908
897 898
897 888
897 907
898 888
898 889
898 899
898 897
898 909
898 908
899 889
899 890
899 900
899 898
899 910
899 909
900 890
900 899
900 911
900 901
900 891
900 910
901 891
901 892
901 902
901 900
901 912
901 911
902 892
902 901
902 687
902 680
902 672
902 912
680 672
680 902
680 688
680 681
680 673
680 687
681 673
681 674
681 682
681 680
681 689
681 688
682 674
682 675
682 683
682 681
682 690
682 689
683 675
683 682
683 691
683 684
683 676
683 690
684 676
684 683
684 692
684 685
684 677
684 691
685 677
685 678
685 686
685 684
685 693
685 692
686 678
686 694
686 679
686 685
686 693
134 119
134 149
134 120
134 148
134 135
135 121
135 136
135 120
135 149
135 134
135 150
136 121
136 137
136 151
136 122
136 135
136 150
137 122
137 138
137 152
137 123
137 136
137 151
138 123
138 139
138 153
138 124
138 137
138 152
139 125
139 140
139 124
139 153
139 138
139 154
140 126
140 141
140 125
140 154
140 139
140 155
141 126
141 142
141 156
141 127
141 140
141 155
142 128
142 143
142 127
142 156
142 141
142 157
143 128
143 144
143 158
143 129
143 142
143 157
144 130
144 145
144 129
144 158
144 143
144 159
145 131
145 146
145 130
145 159
145 144
145 160
146 131
146 147
146 161
146 132
146 145
146 160
147 132
147 903
147 913
147 133
147 146
147 161
903 893
903 904
903 133
903 913
903 147
903 914
904 894
904 905
904 893
904 914
904 903
904 915
905 894
905 906
905 916
905 895
905 904
905 915
906 896
906 907
906 895
906 916
906 905
906 917
907 896
907 908
907 918
907 897
907 906
907 917
908 898
908 909
908 897
908 918
908 907
908 919
909 898
909 910
909 920
909 899
909 908
909 919
910 899
910 911
910 921
910 900
910 909
910 920
911 901
911 912
911 900
911 921
911 910
911 922
912 901
912 687
912 923
912 902
912 911
912 922
687 680
687 688
687 902
687 923
687 912
687 695
688 681
688 689
688 680
688 695
688 687
688 696
689 681
689 690
689 697
689 682
689 688
689 696
690 683
690 691
690 682
690 697
690 689
690 698
691 683
691 692
691 699
691 684
691 690
691 698
692 685
692 693
692 684
692 699
692 691
692 700
693 686
693 694
693 685
693 700
693 692
693 701
694 663
694 679
694 686
694 693
694 701
694 709
694 819
148 89
148 119
148 134
148 266
148 149
148 204
148 162
149 134
149 148
149 163
149 150
149 135
149 162
150 135
150 136
150 151
150 149
150 164
150 163
151 136
151 150
151 165
151 152
151 137
151 164
152 137
152 151
152 166
152 153
152 138
152 165
153 138
153 139
153 154
153 152
153 167
153 166
154 139
154 153
154 168
154 155
154 140
154 167
155 140
155 154
155 169
155 156
155 141
155 168
156 141
156 142
156 157
156 155
156 170
156 169
157 142
157 156
157 171
157 158
157 143
157 170
158 143
158 144
158 159
158 157
158 172
158 171
159 144
159 158
159 173
159 160
159 145
159 172
160 145
160 146
160 161
160 159
160 174
160 173
161 146
161 160
161 924
161 913
161 147
161 174
913 147
913 903
913 914
913 161
913 925
913 924
914 903
914 913
914 926
914 915
914 904
914 925
915 904
915 905
915 916
915 914
915 927
915 926
916 905
916 906
916 917
916 915
916 928
916 927
917 906
917 916
917 929
917 918
917 907
917 928
918 907
918 917
918 930
918 919
918 908
918 929
919 908
919 909
919 920
919 918
919 931
919 930
920 909
920 910
920 921
920 919
920 932
920 931
921 910
921 920
921 933
921 922
921 911
921 932
922 911
922 912
922 923
922 921
922 934
922 933
923 912
923 922
923 702
923 695
923 687
923 934
695 687
695 688
695 696
695 923
695 703
695 702
696 688
696 689
696 697
696 695
696 704
696 703
697 689
697 696
697 705
697 698
697 690
697 704
698 690
698 691
698 699
698 697
698 706
698 705
699 691
699 698
699 707
699 700
699 692
699 706
700 692
700 699
700 708
700 701
700 693
700 707
701 693
701 709
701 694
701 700
701 708
162 148
162 205
162 149
162 163
162 204
163 149
163 164
163 206
163 150
163 162
163 205
164 151
164 165
164 150
164 206
164 163
164 207
165 152
165 166
165 151
165 207
165 164
165 175
166 152
166 167
166 176
166 153
166 165
166 175
167 154
167 168
167 153
167 176
167 166
167 177
168 154
168 169
168 178
168 155
168 167
168 177
169 155
169 170
169 179
169 156
169 168
169 178
170 157
170 171
170 156
170 179
170 169
170 180
171 157
171 172
171 181
171 158
171 170
171 180
172 159
172 173
172 158
172 181
172 171
172 182
173 159
173 174
173 183
173 160
173 172
173 182
174 161
174 924
174 160
174 183
174 173
174 935
924 161
924 925
924 936
924 913
924 174
924 935
925 914
925 926
925 913
925 936
925 924
925 937
926 915
926 927
926 914
926 937
926 925
926 938
927 915
927 928
927 939
927 916
927 926
927 938
928 916
928 929
928 940
928 917
928 927
928 939
929 918
929 930
929 917
929 940
929 928
929 941
930 918
930 931
930 942
930 919
930 929
930 941
931 919
931 932
931 943
931 920
931 930
931 942
932 921
932 933
932 920
932 943
932 931
932 944
933 922
933 934
933 921
933 944
933 932
933 945
934 922
934 702
934 710
934 923
934 933
934 945
702 923
702 703
702 711
702 695
702 934
702 710
703 696
703 704
703 695
703 711
703 702
703 712
704 696
704 705
704 713
704 697
704 703
704 712
705 698
705 706
705 697
705 713
705 704
705 714
706 698
706 707
706 715
706 699
706 705
706 714
707 700
707 708
707 699
707 715
707 706
707 716
708 700
708 709
708 717
708 701
708 707
708 716
709 694
709 701
709 726
709 717
709 708
709 766
709 819
204 148
204 266
204 162
204 205
204 226
204 212
204 208
205 162
205 204
205 209
205 206
205 163
205 208
206 163
206 164
206 207
206 205
206 210
206 209
207 164
207 165
207 175
207 206
207 211
207 210
175 165
175 207
175 184
175 176
175 166
175 211
176 166
176 167
176 177
176 175
176 185
176 184
177 167
177 176
177 186
177 178
177 168
177 185
178 168
178 177
178 187
178 179
178 169
178 186
179 169
179 170
179 180
179 178
179 188
179 187
180 170
180 179
180 189
180 181
180 171
180 188
181 171
181 172
181 182
181 180
181 190
181 189
182 172
182 173
182 183
182 181
182 191
182 190
183 173
183 182
183 946
183 935
183 174
183 191
935 174
935 924
935 936
935 183
935 947
935 946
936 924
936 935
936 948
936 937
936 925
936 947
937 925
937 936
937 949
937 938
937 926
937 948
938 926
938 937
938 950
938 939
938 927
938 949
939 927
939 928
939 940
939 938
939 951
939 950
940 928
940 939
940 952
940 941
940 929
940 951
941 929
941 930
941 942
941 940
941 953
941 952
942 930
942 931
942 943
942 941
942 954
942 953
943 931
943 942
943 955
943 944
943 932
943 954
944 932
944 943
944 956
944 945
944 933
944 955
945 933
945 944
945 718
945 710
945 934
945 956
710 934
710 702
710 711
710 945
710 719
710 718
711 702
711 703
711 712
711 710
711 720
711 719
712 703
712 704
712 713
712 711
712 721
712 720
713 704
713 712
713 722
713 714
713 705
713 721
714 705
714 706
714 715
714 713
714 723
714 722
715 706
715 714
715 724
715 716
715 707
715 723
716 707
716 708
716 717
716 715
716 725
716 724
717 708
717 726
717 709
717 716
717 725
208 204
208 213
208 205
208 212
208 209
209 206
209 210
209 205
209 213
209 208
209 214
210 206
210 211
210 215
210 207
210 209
210 214
211 175
211 184
211 207
211 215
211 210
211 216
184 176
184 185
184 175
184 216
184 211
184 217
185 176
185 186
185 218
185 177
185 184
185 217
186 177
186 187
186 192
186 178
186 185
186 218
187 179
187 188
187 178
187 192
187 186
187 193
188 180
188 189
188 179
188 193
188 187
188 194
189 180
189 190
189 195
189 181
189 188
189 194
190 181
190 191
190 196
190 182
190 189
190 195
191 182
191 946
191 957
191 183
191 190
191 196
946 935
946 947
946 183
946 957
946 191
946 958
947 935
947 948
947 959
947 936
947 946
947 958
948 937
948 949
948 936
948 959
948 947
948 960
949 937
949 950
949 961
949 938
949 948
949 960
950 938
950 951
950 962
950 939
950 949
950 961
951 940
951 952
951 939
951 962
951 950
951 963
952 940
952 953
952 964
952 941
952 951
952 963
953 942
953 954
953 941
953 964
953 952
953 965
954 942
954 955
954 966
954 943
954 953
954 965
955 944
955 956
955 943
955 966
955 954
955 967
956 944
956 718
956 727
956 945
956 955
956 967
718 945
718 719
718 728
718 710
718 956
718 727
719 710
719 720
719 729
719 711
719 718
719 728
720 712
720 721
720 711
720 729
720 719
720 730
721 712
721 722
721 731
721 713
721 720
721 730
722 714
722 723
722 713
722 731
722 721
722 732
723 715
723 724
723 714
723 732
723 722
723 733
724 715
724 725
724 734
724 716
724 723
724 733
725 717
725 726
725 716
725 734
725 724
725 735
726 709
726 717
726 745
726 735
726 725
726 766
212 204
212 213
212 208
212 226
212 219
213 208
213 209
213 214
213 212
213 220
213 219
214 209
214 213
214 221
214 215
214 210
214 220
215 210
215 214
215 222
215 216
215 211
215 221
216 211
216 184
216 217
216 215
216 223
216 222
217 184
217 185
217 218
217 216
217 224
217 223
218 185
218 217
218 225
218 192
218 186
218 224
192 186
192 187
192 193
192 218
192 197
192 225
193 187
193 188
193 194
193 192
193 198
193 197
194 188
194 193
194 199
194 195
194 189
194 198
195 189
195 190
195 196
195 194
195 200
195 199
196 190
196 195
196 968
196 957
196 191
196 200
957 191
957 946
957 958
957 196
957 969
957 968
958 946
958 957
958 970
958 959
958 947
958 969
959 947
959 958
959 971
959 960
959 948
959 970
960 948
960 959
960 972
960 961
960 949
960 971
961 949
961 950
961 962
961 960
961 973
961 972
962 950
962 961
962 974
962 963
962 951
962 973
963 951
963 952
963 964
963 962
963 975
963 974
964 952
964 953
964 965
964 963
964 976
964 975
965 953
965 964
965 977
965 966
965 954
965 976
966 954
966 965
966 978
966 967
966 955
966 977
967 955
967 956
967 727
967 966
967 736
967 978
727 956
727 718
727 728
727 967
727 737
727 736
728 718
728 719
728 729
728 727
728 738
728 737
729 719
729 728
729 739
729 730
729 720
729 738
730 720
730 729
730 740
730 731
730 721
730 739
731 721
731 722
731 732
731 730
731 741
731 740
732 722
732 723
732 733
732 731
732 742
732 741
733 723
733 732
733 743
733 734
733 724
733 742
734 724
734 725
734 735
734 733
734 744
734 743
735 725
735 745
735 726
735 734
735 744
219 212
219 227
219 213
219 220
219 226
220 213
220 221
220 228
220 214
220 219
220 227
221 215
221 222
221 214
221 228
221 220
221 229
222 216
222 223
222 215
222 229
222 221
222 230
223 216
223 224
223 231
223 217
223 222
223 230
224 217
224 225
224 232
224 218
224 223
224 231
225 192
225 197
225 218
225 232
225 224
225 233
197 192
197 198
197 201
197 193
197 225
197 233
198 193
198 199
198 202
198 194
198 197
198 201
199 195
199 200
199 194
199 202
199 198
199 203
200 195
200 968
200 979
200 196
200 199
200 203
968 957
968 969
968 196
968 979
968 200
968 980
969 957
969 970
969 981
969 958
969 968
969 980
970 958
970 971
970 982
970 959
970 969
970 981
971 960
971 972
971 959
971 982
971 970
971 983
972 960
972 973
972 984
972 961
972 971
972 983
973 962
973 974
973 961
973 984
973 972
973 985
974 962
974 975
974 986
974 963
974 973
974 985
975 964
975 976
975 963
975 986
975 974
975 987
976 964
976 977
976 988
976 965
976 975
976 987
977 966
977 978
977 965
977 988
977 976
977 989
978 966
978 736
978 746
978 967
978 977
978 989
736 727
736 737
736 967
736 746
736 978
736 747
737 727
737 738
737 748
737 728
737 736
737 747
738 729
738 739
738 728
738 748
738 737
738 749
739 730
739 740
739 729
739 749
739 738
739 750
740 730
740 741
740 751
740 731
740 739
740 750
741 731
741 742
741 752
741 732
741 740
741 751
742 733
742 743
742 732
742 752
742 741
742 753
743 733
743 744
743 754
743 734
743 742
743 753
744 734
744 745
744 755
744 735
744 743
744 754
745 726
745 735
745 744
745 766
745 755
226 204
226 212
226 227
226 219
226 266
226 244
226 234
227 219
227 220
227 228
227 226
227 235
227 234
228 220
228 221
228 229
228 227
228 236
228 235
229 221
229 222
229 230
229 228
229 237
229 236
230 222
230 229
230 238
230 231
230 223
230 237
231 223
231 224
231 232
231 230
231 239
231 238
232 224
232 225
232 233
232 231
232 240
232 239
233 225
233 232
233 241
233 201
233 197
233 240
201 197
201 198
201 202
201 233
201 242
201 241
202 198
202 199
202 203
202 201
202 243
202 242
203 199
203 202
203 990
203 979
203 200
203 243
979 200
979 968
979 980
979 203
979 991
979 990
980 968
980 979
980 992
980 981
980 969
980 991
981 969
981 970
981 982
981 980
981 993
981 992
982 970
982 981
982 994
982 983
982 971
982 993
983 971
983 982
983 995
983 984
983 972
983 994
984 972
984 973
984 985
984 983
984 996
984 995
985 973
985 974
985 986
985 984
985 997
985 996
986 974
986 985
986 998
986 987
986 975
986 997
987 975
987 986
987 999
987 988
987 976
987 998
988 976
988 977
988 989
988 987
988 1000
988 999
989 977
989 978
989 746
989 988
989 756
989 1000
746 978
746 736
746 747
746 989
746 757
746 756
747 736
747 737
747 748
747 746
747 758
747 757
748 737
748 747
748 759
748 749
748 738
748 758
749 738
749 739
749 750
749 748
749 760
749 759
750 739
750 740
750 751
750 749
750 761
750 760
751 740
751 750
751 762
751 752
751 741
751 761
752 741
752 751
752 763
752 753
752 742
752 762
753 742
753 743
753 754
753 752
753 764
753 763
754 743
754 753
754 765
754 755
754 744
754 764
755 744
755 766
755 745
755 754
755 765
234 226
234 245
234 227
234 244
234 235
235 227
235 236
235 246
235 228
235 234
235 245
236 229
236 237
236 228
236 246
236 235
236 247
237 229
237 238
237 248
237 230
237 236
237 247
238 230
238 239
238 249
238 231
238 237
238 248
239 232
239 240
239 231
239 249
239 238
239 250
240 232
240 241
240 251
240 233
240 239
240 250
241 233
241 242
241 252
241 201
241 240
241 251
242 201
242 243
242 253
242 202
242 241
242 252
243 203
243 990
243 202
243 253
243 242
243 254
990 203
990 991
990 1001
990 979
990 243
990 254
991 979
991 992
991 1002
991 980
991 990
991 1001
992 981
992 993
992 980
992 1002
992 991
992 1003
993 981
993 994
993 1004
993 982
993 992
993 1003
994 983
994 995
994 982
994 1004
994 993
994 1005
995 983
995 996
995 1006
995 984
995 994
995 1005
996 985
996 997
996 984
996 1006
996 995
996 1007
997 986
997 998
997 985
997 1007
997 996
997 1008
998 987
998 999
998 986
998 1008
998 997
998 1009
999 987
999 1000
999 1010
999 988
999 998
999 1009
1000 989
1000 756
1000 988
1000 1010
1000 999
1000 1011
756 989
756 757
756 767
756 746
756 1000
756 1011
757 747
757 758
757 746
757 767
757 756
757 768
758 747
758 759
758 769
758 748
758 757
758 768
759 749
759 760
759 748
759 769
759 758
759 770
760 749
760 761
760 771
760 750
760 759
760 770
761 750
761 762
761 772
761 751
761 760
761 771
762 751
762 763
762 773
762 752
762 761
762 772
763 753
763 764
763 752
763 773
763 762
763 774
764 753
764 765
764 775
764 754
764 763
764 774
765 754
765 766
765 776
765 755
765 764
765 775
766 709
766 755
766 726
766 745
766 765
766 776
766 786
766 819
244 226
244 245
244 234
244 266
244 255
245 234
245 235
245 246
245 244
245 256
245 255
246 235
246 236
246 247
246 245
246 257
246 256
247 236
247 246
247 258
247 248
247 237
247 257
248 237
248 247
248 259
248 249
248 238
248 258
249 238
249 239
249 250
249 248
249 260
249 259
250 239
250 249
250 261
250 251
250 240
250 260
251 240
251 241
251 252
251 250
251 262
251 261
252 241
252 251
252 263
252 253
252 242
252 262
253 242
253 243
253 254
253 252
253 264
253 263
254 243
254 253
254 265
254 1001
254 990
254 264
1001 990
1001 991
1001 1002
1001 254
1001 1012
1001 265
1002 991
1002 992
1002 1003
1002 1001
1002 1013
1002 1012
1003 992
1003 1002
1003 1014
1003 1004
1003 993
1003 1013
1004 993
1004 1003
1004 1015
1004 1005
1004 994
1004 1014
1005 994
1005 995
1005 1006
1005 1004
1005 1016
1005 1015
1006 995
1006 1005
1006 410
1006 1007
1006 996
1006 1016
1007 996
1007 997
1007 1008
1007 1006
1007 411
1007 410
1008 997
1008 1007
1008 412
1008 1009
1008 998
1008 411
1009 998
1009 999
1009 1010
1009 1008
1009 413
1009 412
1010 999
1010 1000
1010 1011
1010 1009
1010 414
1010 413
1011 1000
1011 1010
1011 415
1011 767
1011 756
1011 414
767 756
767 757
767 768
767 1011
767 777
767 415
768 757
768 767
768 778
768 769
768 758
768 777
769 758
769 759
769 770
769 768
769 779
769 778
770 759
770 769
770 780
770 771
770 760
770 779
771 760
771 761
771 772
771 770
771 781
771 780
772 761
772 762
772 773
772 771
772 782
772 781
773 762
773 763
773 774
773 772
773 783
773 782
774 763
774 764
774 775
774 773
774 784
774 783
775 764
775 774
775 785
775 776
775 765
775 784
776 765
776 786
776 766
776 775
776 785
255 244
255 267
255 245
255 256
255 266
256 245
256 257
256 268
256 246
256 255
256 267
257 247
257 258
257 246
257 268
257 256
257 269
258 247
258 259
258 270
258 248
258 257
258 269
259 249
259 260
259 248
259 270
259 258
259 271
260 249
260 261
260 272
260 250
260 259
260 271
261 251
261 262
261 250
261 272
261 260
261 273
262 251
262 263
262 274
262 252
262 261
262 273
263 253
263 264
263 252
263 274
263 262
263 275
264 253
264 265
264 276
264 254
264 263
264 275
265 254
265 1012
265 277
265 1001
265 264
265 276
1012 1002
1012 1013
1012 1001
1012 277
1012 265
1012 1017
1013 1002
1013 1014
1013 1018
1013 1003
1013 1012
1013 1017
1014 1004
1014 1015
1014 1003
1014 1018
1014 1013
1014 1019
1015 1004
1015 1016
1015 1020
1015 1005
1015 1014
1015 1019
1016 1006
1016 410
1016 1005
1016 1020
1016 1015
1016 416
410 1006
410 411
410 417
410 1007
410 1016
410 416
411 1007
411 412
411 418
411 1008
411 410
411 417
412 1009
412 413
412 1008
412 418
412 411
412 419
413 1009
413 414
413 420
413 1010
413 412
413 419
414 1010
414 415
414 421
414 1011
414 413
414 420
415 1011
415 777
415 422
415 767
415 414
415 421
777 767
777 778
777 787
777 768
777 415
777 422
778 769
778 779
778 768
778 787
778 777
778 788
779 770
779 780
779 769
779 788
779 778
779 789
780 770
780 781
780 790
780 771
780 779
780 789
781 772
781 782
781 771
781 790
781 780
781 791
782 773
782 783
782 772
782 791
782 781
782 792
783 773
783 784
783 793
783 774
783 782
783 792
784 775
784 785
784 774
784 793
784 783
784 794
785 775
785 786
785 795
785 776
785 784
785 794
786 766
786 776
786 804
786 795
786 785
786 819
266 89
266 226
266 148
266 278
266 204
266 244
266 255
266 389
266 267
266 315
266 290
267 255
267 266
267 279
267 268
267 256
267 278
268 256
268 257
268 269
268 267
268 280
268 279
269 257
269 258
269 270
269 268
269 281
269 280
270 258
270 259
270 271
270 269
270 282
270 281
271 259
271 270
271 283
271 272
271 260
271 282
272 260
272 261
272 273
272 271
272 284
272 283
273 261
273 272
273 285
273 274
273 262
273 284
274 262
274 263
274 275
274 273
274 286
274 285
275 263
275 274
275 287
275 276
275 264
275 286
276 264
276 265
276 277
276 275
276 288
276 287
277 265
277 276
277 289
277 1017
277 1012
277 288
1017 1012
1017 1013
1017 1018
1017 277
1017 1021
1017 289
1018 1013
1018 1017
1018 1022
1018 1019
1018 1014
1018 1021
1019 1014
1019 1015
1019 1020
1019 1018
1019 1023
1019 1022
1020 1015
1020 1016
1020 416
1020 1019
1020 423
1020 1023
416 1016
416 410
416 417
416 1020
416 424
416 423
417 410
417 411
417 418
417 416
417 425
417 424
418 411
418 417
418 426
418 419
418 412
418 425
419 412
419 413
419 420
419 418
419 427
419 426
420 413
420 419
420 428
420 421
420 414
420 427
421 414
421 415
421 422
421 420
421 429
421 428
422 415
422 777
422 787
422 421
422 430
422 429
787 777
787 422
787 796
787 788
787 778
787 430
788 778
788 779
788 789
788 787
788 797
788 796
789 779
789 788
789 798
789 790
789 780
789 797
790 780
790 789
790 799
790 791
790 781
790 798
791 781
791 782
791 792
791 790
791 800
791 799
792 782
792 783
792 793
792 791
792 801
792 800
793 783
793 784
793 794
793 792
793 802
793 801
794 784
794 793
794 803
794 795
794 785
794 802
795 785
795 804
795 786
795 794
795 803
278 266
278 291
278 267
278 279
278 290
279 267
279 280
279 292
279 268
279 278
279 291
280 269
280 281
280 268
280 292
280 279
280 293
281 269
281 282
281 294
281 270
281 280
281 293
282 271
282 283
282 270
282 294
282 281
282 295
283 272
283 284
283 271
283 295
283 282
283 296
284 273
284 285
284 272
284 296
284 283
284 297
285 273
285 286
285 298
285 274
285 284
285 297
286 275
286 287
286 274
286 298
286 285
286 299
287 275
287 288
287 300
287 276
287 286
287 299
288 277
288 289
288 276
288 300
288 287
288 301
289 277
289 1021
289 302
289 1017
289 288
289 301
1021 1018
1021 1022
1021 1017
1021 302
1021 289
1021 431
1022 1019
1022 1023
1022 1018
1022 431
1022 1021
1022 432
1023 1020
1023 423
1023 1019
1023 432
1023 1022
1023 433
423 1020
423 424
423 434
423 416
423 1023
423 433
424 417
424 425
424 416
424 434
424 423
424 435
425 418
425 426
425 417
425 435
425 424
425 436
426 418
426 427
426 437
426 419
426 425
426 436
427 419
427 428
427 438
427 420
427 426
427 437
428 420
428 429
428 439
428 421
428 427
428 438
429 422
429 430
429 421
429 439
429 428
429 440
430 422
430 796
430 441
430 787
430 429
430 440
796 788
796 797
796 787
796 441
796 430
796 805
797 788
797 798
797 806
797 789
797 796
797 805
798 790
798 799
798 789
798 806
798 797
798 807
799 790
799 800
799 808
799 791
799 798
799 807
800 791
800 801
800 809
800 792
800 799
800 808
801 793
801 802
801 792
801 809
801 800
801 810
802 794
802 803
802 793
802 810
802 801
802 811
803 794
803 804
803 812
803 795
803 802
803 811
804 786
804 795
804 817
804 812
804 803
804 819
290 266
290 291
290 278
290 315
290 303
291 278
291 279
291 292
291 290
291 304
291 303
292 279
292 291
292 305
292 293
292 280
292 304
293 280
293 292
293 306
293 294
293 281
293 305
294 281
294 293
294 307
294 295
294 282
294 306
295 282
295 294
295 308
295 296
295 283
295 307
296 283
296 295
296 309
296 297
296 284
296 308
297 284
297 285
297 298
297 296
297 310
297 309
298 285
298 286
298 299
298 297
298 311
298 310
299 286
299 298
299 312
299 300
299 287
299 311
300 287
300 299
300 313
300 301
300 288
300 312
301 288
301 300
301 314
301 302
301 289
301 313
302 289
302 1021
302 431
302 301
302 442
302 314
431 1021
431 1022
431 432
431 302
431 443
431 442
432 1022
432 1023
432 433
432 431
432 444
432 443
433 1023
433 423
433 434
433 432
433 445
433 444
434 423
434 433
434 446
434 435
434 424
434 445
435 424
435 434
435 447
435 436
435 425
435 446
436 425
436 435
436 448
436 437
436 426
436 447
437 426
437 427
437 438
437 436
437 449
437 448
438 427
438 428
438 439
438 437
438 450
438 449
439 428
439 438
439 451
439 440
439 429
439 450
440 429
440 439
440 452
440 441
440 430
440 451
441 430
441 796
441 805
441 440
441 453
441 452
805 796
805 797
805 806
805 441
805 454
805 453
806 797
806 805
806 455
806 807
806 798
806 454
807 798
807 799
807 808
807 806
807 456
807 455
808 799
808 807
808 813
808 809
808 800
808 456
809 800
809 808
809 814
809 810
809 801
809 813
810 801
810 802
810 811
810 809
810 815
810 814
811 802
811 803
811 812
811 810
811 816
811 815
812 803
812 817
812 804
812 811
812 816
303 290
303 316
303 291
303 304
303 315
304 292
304 305
304 291
304 316
304 303
304 317
305 292
305 306
305 318
305 293
305 304
305 317
306 293
306 307
306 319
306 294
306 305
306 318
307 295
307 308
307 294
307 319
307 306
307 320
308 295
308 309
308 321
308 296
308 307
308 320
309 296
309 310
309 322
309 297
309 308
309 321
310 297
310 311
310 323
310 298
310 309
310 322
311 298
311 312
311 324
311 299
311 310
311 323
312 299
312 313
312 325
312 300
312 311
312 324
313 301
313 314
313 300
313 325
313 312
313 326
314 301
314 442
314 327
314 302
314 313
314 326
442 302
442 443
442 457
442 431
442 314
442 327
443 432
443 444
443 431
443 457
443 442
443 458
444 433
444 445
444 432
444 458
444 443
444 459
445 433
445 446
445 460
445 434
445 444
445 459
446 434
446 447
446 461
446 435
446 445
446 460
447 435
447 448
447 462
447 436
447 446
447 461
448 437
448 449
448 436
448 462
448 447
448 463
449 437
449 450
449 464
449 438
449 448
449 463
450 439
450 451
450 438
450 464
450 449
450 465
451 439
451 452
451 466
451 440
451 450
451 465
452 440
452 453
452 467
452 441
452 451
452 466
453 805
453 454
453 441
453 467
453 452
453 468
454 805
454 455
454 469
454 806
454 453
454 468
455 806
455 456
455 470
455 807
455 454
455 469
456 808
456 813
456 807
456 470
456 455
456 471
813 808
813 814
813 472
813 809
813 456
813 471
814 810
814 815
814 809
814 472
814 813
814 473
815 810
815 816
815 474
815 811
815 814
815 473
816 812
816 817
816 811
816 474
816 815
816 818
817 804
817 812
817 816
817 819
817 818
315 266
315 389
315 290
315 316
315 303
315 366
315 341
315 328
316 303
316 315
316 329
316 317
316 304
316 328
317 304
317 305
317 318
317 316
317 330
317 329
318 305
318 306
318 319
318 317
318 331
318 330
319 306
319 307
319 320
319 318
319 332
319 331
320 307
320 319
320 333
320 321
320 308
320 332
321 308
321 320
321 334
321 322
321 309
321 333
322 309
322 310
322 323
322 321
322 335
322 334
323 310
323 322
323 336
323 324
323 311
323 335
324 311
324 323
324 337
324 325
324 312
324 336
325 312
325 313
325 326
325 324
325 338
325 337
326 313
326 325
326 339
326 327
326 314
326 338
327 314
327 442
327 457
327 326
327 340
327 339
457 442
457 327
457 475
457 458
457 443
457 340
458 443
458 444
458 459
458 457
458 476
458 475
459 444
459 458
459 477
459 460
459 445
459 476
460 445
460 459
460 478
460 461
460 446
460 477
461 446
461 447
461 462
461 460
461 479
461 478
462 447
462 461
462 480
462 463
462 448
462 479
463 448
463 449
463 464
463 462
463 481
463 480
464 449
464 450
464 465
464 463
464 482
464 481
465 450
465 464
465 483
465 466
465 451
465 482
466 451
466 452
466 467
466 465
466 484
466 483
467 452
467 466
467 485
467 468
467 453
467 484
468 453
468 454
468 469
468 467
468 486
468 485
469 454
469 468
469 487
469 470
469 455
469 486
470 455
470 456
470 471
470 469
470 488
470 487
471 456
471 470
471 489
471 472
471 813
471 488
472 813
472 814
472 473
472 471
472 490
472 489
473 814
473 815
473 474
473 472
473 491
473 490
474 815
474 473
474 492
474 818
474 816
474 491
818 816
818 819
818 817
818 474
818 492
328 315
328 342
328 316
328 329
328 341
329 316
329 330
329 343
329 317
329 328
329 342
330 318
330 331
330 317
330 343
330 329
330 344
331 319
331 332
331 318
331 344
331 330
331 345
332 319
332 333
332 346
332 320
332 331
332 345
333 320
333 334
333 347
333 321
333 332
333 346
334 322
334 335
334 321
334 347
334 333
334 348
335 322
335 336
335 349
335 323
335 334
335 348
336 324
336 337
336 323
336 349
336 335
336 350
337 325
337 338
337 324
337 350
337 336
337 351
338 325
338 339
338 352
338 326
338 337
338 351
339 327
339 340
339 326
339 352
339 338
339 353
340 327
340 475
340 493
340 457
340 339
340 353
475 458
475 476
475 457
475 493
475 340
475 494
476 458
476 477
476 495
476 459
476 475
476 494
477 460
477 478
477 459
477 495
477 476
477 496
478 461
478 479
478 460
478 496
478 477
478 497
479 461
479 480
479 498
479 462
479 478
479 497
480 463
480 481
480 462
480 498
480 479
480 499
481 464
481 482
481 463
481 499
481 480
481 500
482 464
482 483
482 501
482 465
482 481
482 500
483 466
483 484
483 465
483 501
483 482
483 502
484 466
484 485
484 503
484 467
484 483
484 502
485 468
485 486
485 467
485 503
485 484
485 504
486 469
486 487
486 468
486 504
486 485
486 505
487 469
487 488
487 506
487 470
487 486
487 505
488 470
488 489
488 507
488 471
488 487
488 506
489 472
489 490
489 471
489 507
489 488
489 508
490 472
490 491
490 509
490 473
490 489
490 508
491 473
491 492
491 510
491 474
491 490
491 509
492 474
492 819
492 511
492 818
492 491
492 510
819 694
819 615
819 786
819 709
819 804
819 766
819 817
819 818
819 492
819 511
819 531
341 315
341 342
341 328
341 366
341 354
342 328
342 329
342 343
342 341
342 355
342 354
343 329
343 342
343 356
343 344
343 330
343 355
344 330
344 343
344 357
344 345
344 331
344 356
345 331
345 332
345 346
345 344
345 358
345 357
346 332
346 333
346 347
346 345
346 359
346 358
347 333
347 346
347 360
347 348
347 334
347 359
348 334
348 335
348 349
348 347
348 361
348 360
349 335
349 348
349 362
349 350
349 336
349 361
350 336
350 337
350 351
350 349
350 363
350 362
351 337
351 350
351 364
351 352
351 338
351 363
352 338
352 339
352 353
352 351
352 365
352 364
353 339
353 340
353 493
353 352
353 512
353 365
493 340
493 353
493 513
493 494
493 475
493 512
494 475
494 493
494 514
494 495
494 476
494 513
495 476
495 494
495 515
495 496
495 477
495 514
496 477
496 495
496 516
496 497
496 478
496 515
497 478
497 479
497 498
497 496
497 517
497 516
498 479
498 497
498 518
498 499
498 480
498 517
499 480
499 498
499 519
499 500
499 481
499 518
500 481
500 482
500 501
500 499
500 520
500 519
501 482
501 483
501 502
501 500
501 521
501 520
502 483
502 501
502 522
502 503
502 484
502 521
503 484
503 502
503 523
503 504
503 485
503 522
504 485
504 486
504 505
504 503
504 524
504 523
505 486
505 504
505 525
505 506
505 487
505 524
506 487
506 505
506 526
506 507
506 488
506 525
507 488
507 489
507 508
507 506
507 527
507 526
508 489
508 507
508 528
508 509
508 490
508 527
509 490
509 508
509 529
509 510
509 491
509 528
510 491
510 509
510 530
510 511
510 492
510 529
511 492
511 531
511 819
511 510
511 530
354 341
354 367
354 342
354 366
354 355
355 343
355 356
355 342
355 367
355 354
355 368
356 343
356 357
356 369
356 344
356 355
356 368
357 344
357 358
357 370
357 345
357 356
357 369
358 346
358 359
358 345
358 370
358 357
358 371
359 346
359 360
359 372
359 347
359 358
359 371
360 348
360 361
360 347
360 372
360 359
360 373
361 349
361 362
361 348
361 373
361 360
361 374
362 349
362 363
362 375
362 350
362 361
362 374
363 350
363 364
363 376
363 351
363 362
363 375
364 352
364 365
364 351
364 376
364 363
364 377
365 352
365 512
365 532
365 353
365 364
365 377
512 353
512 513
512 533
512 493
512 365
512 532
513 494
513 514
513 493
513 533
513 512
513 534
514 494
514 515
514 535
514 495
514 513
514 534
515 495
515 516
515 536
515 496
515 514
515 535
516 497
516 517
516 496
516 536
516 515
516 537
517 497
517 518
517 538
517 498
517 516
517 537
518 498
518 519
518 539
518 499
518 517
518 538
519 500
519 520
519 499
519 539
519 518
519 540
520 500
520 521
520 541
520 501
520 519
520 540
521 501
521 522
521 542
521 502
521 520
521 541
522 503
522 523
522 502
522 542
522 521
522 543
523 503
523 524
523 544
523 504
523 522
523 543
524 505
524 525
524 504
524 544
524 523
524 545
525 505
525 526
525 546
525 506
525 524
525 545
526 506
526 527
526 547
526 507
526 525
526 546
527 508
527 528
527 507
527 547
527 526
527 548
528 509
528 529
528 508
528 548
528 527
528 549
529 509
529 530
529 550
529 510
529 528
529 549
530 510
530 531
530 551
530 511
530 529
530 550
531 819
531 511
531 572
531 551
531 530
531 615
366 315
366 341
366 367
366 354
366 389
366 378
367 354
367 355
367 368
367 366
367 379
367 378
368 355
368 356
368 369
368 367
368 380
368 379
369 356
369 368
369 381
369 370
369 357
369 380
370 357
370 369
370 382
370 371
370 358
370 381
371 358
371 370
371 383
371 372
371 359
371 382
372 359
372 360
372 373
372 371
372 384
372 383
373 360
373 372
373 385
373 374
373 361
373 384
374 361
374 362
374 375
374 373
374 386
374 385
375 362
375 374
375 387
375 376
375 363
375 386
376 363
376 375
376 388
376 377
376 364
376 387
377 364
377 376
377 552
377 532
377 365
377 388
532 365
532 377
532 553
532 533
532 512
532 552
533 512
533 532
533 554
533 534
533 513
533 553
534 513
534 514
534 535
534 533
534 555
534 554
535 514
535 534
535 556
535 536
535 515
535 555
536 515
536 516
536 537
536 535
536 557
536 556
537 516
537 536
537 558
537 538
537 517
537 557
538 517
538 518
538 539
538 537
538 559
538 558
539 518
539 538
539 560
539 540
539 519
539 559
540 519
540 520
540 541
540 539
540 561
540 560
541 520
541 540
541 562
541 542
541 521
541 561
542 521
542 522
542 543
542 541
542 563
542 562
543 522
543 542
543 564
543 544
543 523
543 563
544 523
544 543
544 565
544 545
544 524
544 564
545 524
545 525
545 546
545 544
545 566
545 565
546 525
546 526
546 547
546 545
546 567
546 566
547 526
547 546
547 568
547 548
547 527
547 567
548 527
548 528
548 549
548 547
548 569
548 568
549 528
549 548
549 570
549 550
549 529
549 569
550 529
550 530
550 551
550 549
550 571
550 570
551 530
551 572
551 531
551 550
551 571
378 366
378 390
378 367
378 389
378 379
379 368
379 380
379 367
379 390
379 378
379 391
380 368
380 381
380 392
380 369
380 379
380 391
381 369
381 382
381 393
381 370
381 380
381 392
382 371
382 383
382 370
382 393
382 381
382 394
383 372
383 384
383 371
383 394
383 382
383 395
384 373
384 385
384 372
384 395
384 383
384 396
385 373
385 386
385 397
385 374
385 384
385 396
386 375
386 387
386 374
386 397
386 385
386 398
387 376
387 388
387 375
387 398
387 386
387 399
388 376
388 552
388 573
388 377
388 387
388 399
552 377
552 553
552 574
552 532
552 388
552 573
553 532
553 554
553 575
553 533
553 552
553 574
554 534
554 555
554 533
554 575
554 553
554 576
555 534
555 556
555 577
555 535
555 554
555 576
556 536
556 557
556 535
556 577
556 555
556 578
557 536
557 558
557 579
557 537
557 556
557 578
558 538
558 559
558 537
558 579
558 557
558 580
559 538
559 560
559 581
559 539
559 558
559 580
560 540
560 561
560 539
560 581
560 559
560 582
561 540
561 562
561 583
561 541
561 560
561 582
562 541
562 563
562 584
562 542
562 561
562 583
563 542
563 564
563 585
563 543
563 562
563 584
564 544
564 565
564 543
564 585
564 563
564 586
565 544
565 566
565 587
565 545
565 564
565 586
566 546
566 567
566 545
566 587
566 565
566 588
567 546
567 568
567 589
567 547
567 566
567 588
568 547
568 569
568 590
568 548
568 567
568 589
569 549
569 570
569 548
569 590
569 568
569 591
570 549
570 571
570 592
570 550
570 569
570 591
571 550
571 572
571 593
571 551
571 570
571 592
572 531
572 551
572 571
572 615
572 593
389 315
389 378
389 390
389 366
389 400
389 266
390 378
390 379
390 391
390 389
390 401
390 400
391 379
391 380
391 392
391 390
391 402
391 401
392 380
392 391
392 403
392 393
392 381
392 402
393 381
393 382
393 394
393 392
393 404
393 403
394 382
394 383
394 395
394 393
394 405
394 404
395 383
395 394
395 406
395 396
395 384
395 405
396 384
396 385
396 397
396 395
396 407
396 406
397 385
397 396
397 408
397 398
397 386
397 407
398 386
398 397
398 409
398 399
398 387
398 408
399 387
399 388
399 573
399 398
399 594
399 409
573 388
573 399
573 595
573 574
573 552
573 594
574 552
574 573
574 596
574 575
574 553
574 595
575 553
575 554
575 576
575 574
575 597
575 596
576 554
576 555
576 577
576 575
576 598
576 597
577 555
577 556
577 578
577 576
577 599
577 598
578 556
578 557
578 579
578 577
578 600
578 599
579 557
579 578
579 601
579 580
579 558
579 600
580 558
580 579
580 602
580 581
580 559
580 601
581 559
581 560
581 582
581 580
581 603
581 602
582 560
582 581
582 604
582 583
582 561
582 603
583 561
583 582
583 605
583 584
583 562
583 604
584 562
584 583
584 606
584 585
584 563
584 605
585 563
585 564
585 586
585 584
585 607
585 606
586 564
586 565
586 587
586 585
586 608
586 607
587 565
587 586
587 609
587 588
587 566
587 608
588 566
588 567
588 589
588 587
588 610
588 609
589 567
589 568
589 590
589 588
589 611
589 610
590 568
590 589
590 612
590 591
590 569
590 611
591 569
591 570
591 592
591 590
591 613
591 612
592 570
592 591
592 614
592 593
592 571
592 613
593 571
593 615
593 572
593 592
593 614
400 389
400 390
400 401
401 390
401 391
401 400
401 403
401 402
402 391
402 392
402 401
402 403
403 392
403 404
403 401
403 596
403 393
403 402
403 609
403 409
403 408
404 393
404 405
404 403
404 408
404 406
404 394
405 394
405 395
405 404
405 406
406 395
406 407
406 404
406 405
406 408
406 396
407 396
407 397
407 406
407 408
408 397
408 409
408 406
408 398
408 403
408 404
408 407
409 399
409 403
409 408
409 594
409 398
409 596
594 399
594 573
594 409
594 596
594 595
595 573
595 574
595 594
595 596
596 574
596 597
596 594
596 575
596 403
596 609
596 409
596 595
596 601
596 599
597 575
597 576
597 596
597 599
597 598
598 576
598 577
598 597
598 599
599 577
599 600
599 597
599 578
599 601
599 598
599 596
600 578
600 579
600 599
600 601
601 579
601 602
601 599
601 580
601 600
601 596
601 609
601 604
602 580
602 581
602 601
602 604
602 603
603 581
603 582
603 602
603 604
604 582
604 605
604 602
604 583
604 603
604 601
604 609
604 607
605 583
605 584
605 604
605 607
605 606
606 584
606 585
606 605
606 607
607 585
607 608
607 605
607 586
607 609
607 606
607 604
608 586
608 587
608 607
608 609
609 587
609 610
609 403
609 588
609 611
609 596
609 607
609 601
609 604
609 615
609 608
610 588
610 589
610 609
610 611
611 589
611 612
611 609
611 590
611 613
611 610
611 615
612 590
612 591
612 611
612 613
613 611
613 592
613 615
613 612
613 614
613 591
614 592
614 593
614 613
614 615
615 819
615 593
615 531
615 572
615 609
615 611
615 613
615 614
