0 -0.031893 7.51877 
1 0.037696 7.78991 
2 -0.006979 8.13786 
3 -0.00805 8.40255 
4 -0.03036 8.72789 
5 -0.00829 9.09355 
6 -0.020742 9.40293 
7 0.039835 9.6957 
8 0.34586 7.32706 
9 0.292006 7.68267 
10 0.350157 7.94924 
11 0.27082 8.25978 
12 0.321049 8.60691 
13 0.321636 8.93752 
14 0.351499 9.21221 
15 0.353119 9.56722 
16 0.288719 9.82416 
17 0.625939 7.1461 
18 0.669404 7.49335 
19 0.587557 7.78071 
20 0.600938 8.16156 
21 0.661748 8.42937 
22 0.653974 8.70761 1000
23 0.59474 9.03412 
24 0.656503 9.36728 
25 0.655475 9.72898 
26 0.948142 7.37157 
27 0.909686 7.65999 
28 0.891207 7.96197 
29 0.915746 8.27351 
30 0.976564 8.60777 
31 0.981153 8.88891 
32 0.971304 9.17549 
33 0.983418 9.49084 1000
34 0.982653 9.81995 
35 1.21667 7.22895 1000
36 1.25612 7.50762 
37 1.26869 7.76685 
38 1.207 8.10225 
39 1.29435 8.46863 
40 1.25356 8.7429 
41 1.2173 9.056 
42 1.29445 9.33838 
43 1.20414 9.7233 
44 1.56821 7.07641 
45 1.59793 7.37875 
46 1.58458 7.6789 
47 1.51681 7.93089 
48 1.6059 8.31041 
49 1.54352 8.6326 
50 1.56601 8.86858 
51 1.57197 9.2656 
52 1.59897 9.57781 
53 1.57838 9.8586 
54 1.85784 7.16503 
55 1.89367 7.52832 
56 1.83535 7.82516 
57 1.90394 8.15249 
58 1.87777 8.47926 
59 1.85969 8.78021 
60 1.85292 9.10071 
61 1.90586 9.36905 
62 1.9093 9.70422 
63 2.16287 7.03678 
64 2.1546 7.33592 
65 2.15272 7.63257 
66 2.14414 7.92841 
67 2.16368 8.29326 
68 2.17911 8.60258 
69 2.17865 8.89904 
70 2.15157 9.2616 
71 2.14245 9.49688 
72 2.20137 9.83661 
73 2.46886 7.23223 
74 2.52816 7.46975 
75 2.49605 7.79754 
76 2.48944 8.11745 
77 2.49861 8.4811 
78 2.5346 8.7613 
79 2.50251 9.06124 
80 2.49609 9.33468 
81 2.51048 9.66495 
82 2.78404 7.38139 
83 2.84904 7.64497 
84 2.82053 8.01176 
85 2.78728 8.31895 
86 2.82086 8.61422 
87 2.81885 8.91204 
88 2.83041 9.21045 
89 2.85538 9.50742 1000
90 2.77794 9.87021 
91 3.141 7.47058 
92 3.10055 7.8222 
93 3.10143 8.10619 
94 3.13875 8.40241 
95 3.12143 8.70366 
96 3.16957 9.09096 
97 3.1283 9.37716 
98 3.10892 9.726 
99 -0.011569 4.65668 
100 0.00254 5.02991 
101 -0.03608 5.28632 
102 0.002781 5.62995 
103 0.023344 5.91941 
104 -0.027097 6.24899 
105 -0.010878 6.51637 
106 0.035835 6.84014 
107 -0.01212 7.15746 
108 0.279681 4.81682 
109 0.268682 5.11369 
110 0.319019 5.50207 
111 0.321699 5.73866 
112 0.289506 6.09182 
113 0.276814 6.4004 
114 0.309791 6.71806 
115 0.291319 6.98576 
116 0.64516 4.99239 
117 0.58319 5.3278 
118 0.606009 5.65364 
119 0.646939 5.92522 
120 0.606826 6.2525 
121 0.623841 6.51647 
122 0.629163 6.87778 
123 0.964369 5.14752 
124 0.972646 5.48788 
125 0.926202 5.75882 
126 0.894685 6.05589 
127 0.939046 6.38534 
128 0.919875 6.68231 
129 0.94291 6.98777 
130 1.27125 4.95442 
131 1.26057 5.30825 
132 1.21392 5.63658 
133 1.27561 5.98371 
134 1.26518 6.27236 
135 1.24659 6.60594 
136 1.25838 6.88948 
137 1.52045 4.79796 
138 1.5979 5.11355 
139 1.59336 5.46019 
140 1.52922 5.79017 
141 1.52943 6.12056 1000
142 1.5227 6.42679 
143 1.51564 6.69841 
144 1.90921 4.7168 
145 1.90844 4.95764 
146 1.84779 5.28608 
147 1.85735 5.57849 
148 1.83753 5.94401 
149 1.88671 6.20948 
150 1.82857 6.58798 
151 1.90268 6.89332 
152 2.16591 4.56144 
153 2.20777 4.84951 
154 2.19154 5.15042 
155 2.23148 5.43368 
156 2.22997 5.75523 
157 2.18833 6.08596 
158 2.15789 6.39935 
159 2.17767 6.71816 
160 2.545 4.37405 
161 2.53213 4.67894 
162 2.54172 5.02865 
163 2.46622 5.34571 
164 2.47129 5.60253 
165 2.48261 5.9377 
166 2.48749 6.29326 
167 2.45536 6.55247 
168 2.48129 6.89846 
169 2.84202 4.50296 
170 2.80626 4.86417 
171 2.80248 5.18377 1000
172 2.81269 5.51044 
173 2.78662 5.77232 
174 2.85213 6.0469 
175 2.80812 6.38478 
176 2.83288 6.68172 
177 2.83879 7.04181 
178 3.16944 4.68304 
179 3.10154 5.01338 
180 3.12535 5.3514 
181 3.16507 5.57943 
182 3.08475 5.89215 
183 3.08989 6.27474 
184 3.12978 6.5791 
185 3.15027 6.82889 
186 3.11313 7.21554 
187 3.4649 4.55222 
188 3.45762 4.79811 
189 3.43431 5.17499 
190 3.39759 5.42642 
191 3.40899 5.74681 
192 3.39577 6.11802 
193 3.42229 6.40596 
194 3.43198 6.74156 
195 3.42151 7.04943 
196 3.7831 4.69113 
197 3.76701 4.98927 
198 3.76729 5.31728 
199 3.77355 5.60656 
200 3.7269 5.95845 
201 3.74911 6.2709 
202 7.15616 6.71766 
203 7.17536 7.02712 
204 7.20917 7.31277 
205 7.15368 7.65863 
206 7.15682 7.92783 
207 7.19869 8.2364 
208 7.17965 8.55291 
209 7.48303 6.27093 
210 7.50635 6.57103 
211 7.46379 6.86223 
212 7.51805 7.18012 
213 7.49242 7.49005 
214 7.50263 7.82228 
215 7.51005 8.16918 
216 7.52591 8.40153 
217 7.52149 8.79344 1000
218 7.77377 6.43062 
219 7.78936 6.71546 
220 7.7736 7.02045 
221 7.82801 7.36509 
222 7.77017 7.64408 
223 7.77011 8.01385 
224 7.78369 8.27717 
225 7.84702 8.56865 
226 7.84472 8.8788 
227 7.77835 9.2445 
228 7.7958 9.50001 
229 8.14908 6.29206 
230 8.07981 6.52214 
231 8.16172 6.84798 
232 8.11817 7.21309 
233 8.07917 7.47189 
234 8.16316 7.85093 
235 8.12385 8.12422 
236 8.0927 8.44567 
237 8.15558 8.78065 
238 8.15624 9.0689 
239 8.16569 9.41967 
240 8.1384 9.65835 
241 8.47781 6.11356 
242 8.40675 6.36433 
243 8.44516 6.72138 
244 8.45383 7.0709 
245 8.41469 7.30098 
246 8.46124 7.62229 
247 8.41255 7.99817 
248 8.41482 8.26458 
249 8.4745 8.62582 
250 8.44624 8.89679 
251 8.44541 9.20626 
252 8.44901 9.54065 
253 8.48391 9.83317 
254 8.78538 5.9079 
255 8.74958 6.21537 
256 8.75072 6.57014 
257 8.75226 6.89376 
258 8.77786 7.16394 
259 8.79232 7.53796 
260 8.77416 7.80007 
261 8.72555 8.16073 
262 8.76768 8.41932 
263 8.7629 8.76252 
264 8.71388 9.04163 
265 8.71082 9.3915 
266 8.78833 9.64937 
267 9.05804 6.08088 
268 9.02244 6.40154 
269 9.02947 6.73224 
270 9.03745 6.99136 
271 9.04472 7.38314 
272 9.0179 7.65868 
273 9.06125 7.95711 
274 9.06582 8.32414 
275 9.03463 8.60173 
276 9.08065 8.91519 
277 9.06944 9.26491 
278 9.02488 9.52689 
279 9.0227 9.81056 
280 9.3651 5.94259 
281 9.40435 6.22796 
282 9.35521 6.60535 
283 9.33937 6.89537 
284 9.33661 7.17774 
285 9.36506 7.50607 
286 9.37879 7.85437 
287 9.33465 8.16656 
288 9.35958 8.43151 
289 9.38579 8.7074 
290 9.37725 9.09994 
291 9.3816 9.38119 
292 9.37921 9.65461 
293 9.69794 5.735 
294 9.67622 6.07213 
295 9.71567 6.3692 
296 9.67026 6.70245 
297 9.6494 6.98447 
298 9.67957 7.35741 
299 9.68667 7.69056 
300 9.73058 7.93799 
301 9.66937 8.24763 
302 9.68836 8.62014 
303 9.66219 8.92541 
304 9.65733 9.19411 
305 9.64973 9.551 
306 9.67951 9.85523 
307 3.78548 6.56799 
308 3.79031 6.90281 
309 4.09823 4.50169 
310 4.06716 4.8066 
311 4.05269 5.15476 
312 4.03002 5.45205 1000
313 4.01954 5.7416 
314 4.03603 6.14061 
315 4.05362 6.43354 
316 4.07434 6.69005 
317 4.04301 7.05211 
318 4.41397 4.37928 
319 4.40705 4.65147 
320 4.38034 5.00475 
321 4.38456 5.32645 
322 4.32824 5.64458 
323 4.34706 5.93933 
324 4.37571 6.22927 
325 4.41936 6.59462 
326 4.36679 6.89949 
327 4.40287 7.18696 
328 4.67983 4.22096 
329 4.70139 4.52014 
330 4.68191 4.87251 
331 4.73214 5.20193 
332 4.65982 5.4758 
333 4.66556 5.7811 
334 4.65172 6.1261 
335 4.72582 6.41617 
336 4.68762 6.68716 
337 4.71195 7.02728 
338 4.6454 7.3086 
339 4.9918 4.33071 
340 5.01808 4.71187 
341 4.99793 5.01478 -20000
342 4.98533 5.28586 
343 5.03489 5.65703 
344 5.00419 5.90663 
345 4.96049 6.25934 
346 4.97651 6.60359 
347 4.96876 6.86822 
348 4.98081 7.19076 
349 5.03495 7.49125 
350 5.2907 4.5691 
351 5.26612 4.84724 
352 5.29066 5.16937 
353 5.30908 5.50096 
354 5.28929 5.74994 
355 5.27729 6.0501 
356 5.2812 6.42759 
357 5.29596 6.75076 
358 5.31684 7.05707 
359 5.30634 7.29693 
360 5.33481 7.63075 
361 5.5953 4.73372 
362 5.60972 4.95314 
363 5.5987 5.2964 
364 5.59302 5.60126 
365 5.57904 5.96422 
366 5.60072 6.21323 
367 5.64804 6.55948 
368 5.62085 6.85051 
369 5.63424 7.17005 
370 5.6265 7.47274 
371 5.96081 4.8569 
372 5.92926 5.19125 
373 5.95253 5.51444 
374 5.981 5.80534 
375 5.94687 6.05716 
376 5.92218 6.38664 
377 5.92386 6.7562 
378 5.9595 7.01803 
379 5.9797 7.35134 
380 6.22197 4.968 
381 6.22079 5.2686 
382 6.27092 5.61142 
383 6.26006 5.94188 
384 6.26855 6.26666 
385 6.2503 6.5314 
386 6.24828 6.86826 
387 6.25033 7.1985 
388 6.54106 5.11415 
389 6.5871 5.43664 
390 6.52819 5.75222 
391 6.56599 6.07125 
392 6.51708 6.43888 
393 6.60274 6.73637 
394 6.54971 7.06498 
395 6.59511 7.30015 
396 6.8937 5.34913 
397 6.83214 5.58091 
398 6.82835 5.96076 
399 6.84516 6.29355 
400 6.89204 6.56693 
401 6.84639 6.90027 1000
402 6.84242 7.17866 
403 7.14415 5.45937 
404 7.21353 5.78088 
405 7.17778 6.10408 
406 7.22288 6.42942 
407 3.41749 7.35265 
408 3.41212 7.6683 
409 3.47561 7.93848 
410 3.43038 8.26101 
411 3.46618 8.62434 
412 3.40102 8.93924 
413 3.46665 9.24731 
414 3.45298 9.50269 
415 3.42561 9.86693 
416 3.76546 7.23433 
417 3.76301 7.51344 
418 3.76945 7.77766 
419 3.744 8.12813 
420 3.77724 8.47696 
421 3.71966 8.74741 
422 3.79334 9.06328 
423 3.75983 9.37101 
424 3.76661 9.72114 
425 4.07921 7.33242 
426 4.04985 7.66604 
427 4.1039 7.939 
428 4.05936 8.28149 
429 4.0784 8.58081 
430 4.10224 8.88796 
431 4.06117 9.2227 
432 4.09803 9.55861 
433 4.08212 9.84042 
434 4.35117 7.53509 
435 4.4082 7.79605 
436 4.41629 8.15933 
437 4.34778 8.47879 
438 4.3362 8.78263 
439 4.38228 9.02954 
440 4.39092 9.37289 
441 4.33862 9.66894 
442 4.71008 7.63844 
443 4.65136 8.00774 
444 4.65053 8.26169 
445 4.65965 8.60807 
446 4.70802 8.94873 
447 4.68213 9.22864 
448 4.64551 9.5191 
449 4.73277 9.80541 
450 4.99414 7.85392 
451 4.96794 8.1488 
452 5.04643 8.46916 
453 5.00548 8.76251 
454 4.96943 9.06091 
455 5.03695 9.36068 
456 4.98564 9.71452 
457 5.33335 7.94433 1000
458 5.3178 8.31884 
459 5.35015 8.60902 
460 5.3516 8.95116 
461 5.34411 9.21187 
462 5.2781 9.51819 
463 5.34136 9.86583 
464 5.66405 7.78267 
465 5.61413 8.1382 
466 5.63059 8.40459 
467 5.59342 8.77204 
468 5.60361 9.02389 
469 5.64465 9.34818 
470 5.65551 9.69002 
471 5.93397 7.6496 
472 5.90963 7.94236 
473 5.95216 8.30607 
474 5.92687 8.61329 
475 5.92066 8.89261 
476 5.9493 9.26272 
477 5.93538 9.55488 
478 5.94937 9.86039 
479 6.23459 7.52782 
480 6.25517 7.81306 1000
481 6.24575 8.14128 
482 6.24566 8.42733 
483 6.20726 8.79528 
484 6.22217 9.06037 
485 6.29649 9.33228 
486 6.23789 9.73109 
487 6.56937 7.67139 
488 6.59543 8.00123 
489 6.56203 8.24811 
490 6.5541 8.59222 
491 6.57797 8.89735 
492 6.60172 9.26192 
493 6.54416 9.56071 
494 6.54291 9.85658 
495 6.86087 7.49599 
496 6.87061 7.84634 
497 6.84672 8.0939 
498 6.85806 8.40963 
499 6.91738 8.75515 
500 6.90129 9.07358 
501 6.8586 9.34522 
502 6.91343 9.729 
503 7.20799 8.92187 
504 7.20564 9.22675 
505 7.22309 9.5595 
506 7.16073 9.83462 
507 7.48927 9.02314 
508 7.53943 9.33558 
509 7.51876 9.66702 
510 7.81236 9.8862 
511 -0.043581 0.045712 
512 0.040665 0.26667 
513 -0.010939 0.584934 
514 -0.03233 0.921081 
515 -0.037312 1.20971 
516 0.022831 1.53539 
517 -0.008848 1.85648 
518 0.017792 2.16465 
519 -0.041772 2.51023 
520 0.037834 2.80053 
521 0.016142 3.08573 
522 0.269985 0.169943 
523 0.356213 0.488506 
524 0.302165 0.818962 
525 0.303987 1.12588 
526 0.286953 1.4472 
527 0.27171 1.69276 
528 0.356876 2.02667 
529 0.351823 2.34215 
530 0.292549 2.68363 
531 0.349197 2.97804 
532 0.668061 -0.014181 
533 0.602077 0.272558 
534 0.63814 0.632749 
535 0.63748 0.91587 
536 0.668658 1.22878 
537 0.626613 1.53555 
538 0.62807 1.85712 
539 0.586584 2.172 
540 0.640872 2.51604 
541 0.58063 2.8449 
542 0.917599 0.124577 
543 0.963226 0.509489 
544 0.937595 0.752988 
545 0.954421 1.06977 
546 0.915505 1.37897 
547 0.944316 1.73656 
548 0.941315 2.05395 
549 0.964207 2.33015 
550 0.89982 2.65165 
551 1.2561 -0.02574 
552 1.21081 0.271936 
553 1.26863 0.578417 
554 1.28524 0.895371 
555 1.26135 1.24566 
556 1.28039 1.60493 
557 1.21856 1.89994 
558 1.23077 2.2318 
559 1.2753 2.46138 
560 1.57419 0.136906 
561 1.56155 0.509296 
562 1.54671 0.754601 
563 1.57398 1.08549 
564 1.53075 1.36112 
565 1.51598 1.67217 
566 1.60109 2.01269 
567 1.59763 2.33985 
568 1.85186 -0.031071 
569 1.90151 0.318143 
570 1.88403 0.581007 
571 1.88002 0.908099 
572 1.89701 1.2287 
573 1.84596 1.58331 
574 1.83548 1.91708 1000
575 1.92044 2.2286 
576 2.2087 0.175193 
577 2.23014 0.491953 
578 2.15948 0.824933 
579 2.15376 1.06268 
580 2.14707 1.4438 
581 2.22011 1.7628 
582 2.19345 1.9925 
583 2.54625 0.033841 
584 2.49388 0.353813 
585 2.51841 0.625517 
586 2.46141 0.965216 
587 2.49311 1.28891 
588 2.49299 1.55752 
589 2.53371 1.91404 
590 2.78055 0.138462 
591 2.80511 0.482568 
592 2.79978 0.745892 
593 2.79472 1.06431 
594 2.84059 1.42993 
595 2.84363 1.75806 
596 2.82423 2.03123 
597 3.10937 -0.030387 
598 3.1458 0.345231 
599 3.10943 0.606608 
600 3.15596 0.920301 
601 3.13012 1.2371 
602 3.1085 1.56686 
603 3.13014 1.83613 
604 3.42433 0.19681 
605 3.40624 0.468966 
606 3.47629 0.749458 
607 3.42173 1.07274 
608 3.39669 1.41079 
609 3.43665 1.7597 
610 3.72826 -0.018561 
611 3.75593 0.315679 
612 3.70621 0.662079 
613 3.71908 0.949344 
614 3.79101 1.26347 
615 3.74393 1.55264 
616 -0.004087 3.397 
617 0.014031 3.70907 
618 0.044653 4.06353 
619 -0.041001 4.39802 
620 0.301096 3.2397 
621 0.334636 3.63046 
622 0.266756 3.91619 
623 0.349276 4.25938 
624 0.267909 4.55809 
625 0.643669 3.14085 
626 0.649737 3.44583 
627 0.588409 3.73852 
628 0.638285 4.04011 
629 0.650158 4.40483 
630 0.626701 4.69112 
631 0.981953 2.98669 
632 0.961759 3.31009 
633 0.953696 3.62391 
634 0.908233 3.94345 
635 0.983195 4.2437 
636 0.934304 4.51839 
637 0.918864 4.82444 
638 1.25831 2.83846 
639 1.25121 3.15655 
640 1.22389 3.40138 
641 1.24833 3.77001 
642 1.20386 4.02805 
643 1.23825 4.37843 
644 1.23006 4.73141 
645 1.53428 2.64446 
646 1.53422 2.96742 
647 1.59054 3.27299 
648 1.58971 3.62864 
649 1.52669 3.86767 
650 1.53923 4.22727 
651 1.59655 4.52327 
652 1.90897 2.51992 
653 1.86491 2.82743 
654 1.85126 3.16683 
655 1.83693 3.44233 
656 1.92021 3.77741 
657 1.86287 4.03939 
658 1.91692 4.41341 
659 2.15629 2.39025 
660 2.15479 2.70177 
661 2.23054 3.00245 
662 2.16644 3.31834 
663 2.15375 3.56069 
664 2.1699 3.88012 
665 2.19054 4.23534 1000
666 2.46591 2.19292 
667 2.51453 2.50369 
668 2.51672 2.77043 
669 2.49863 3.09935 
670 2.54585 3.41682 1000
671 2.4693 3.71627 
672 2.49458 4.05264 
673 2.81646 2.36217 
674 2.83392 2.67356 
675 2.78255 2.93377 
676 2.84593 3.25881 
677 2.85484 3.62964 
678 2.82368 3.92118 
679 2.78243 4.1929 
680 3.16818 2.1604 
681 3.11353 2.51488 
682 3.16339 2.83709 
683 3.09788 3.10038 
684 3.15425 3.41574 
685 3.15026 3.71234 
686 3.15483 4.02218 
687 3.1584 4.41066 
688 3.43207 2.01857 
689 3.41423 2.32802 
690 3.46127 2.62719 
691 3.41621 2.92836 
692 3.44871 3.28555 
693 3.43688 3.5885 
694 3.44967 3.92753 
695 3.40615 4.19811 
696 3.77551 1.8957 
697 3.76296 2.21754 
698 3.71195 2.50734 
699 3.74364 2.84231 
700 3.71047 3.16254 
701 3.72181 3.45882 
702 3.72877 3.78036 
703 3.7556 4.07768 
704 3.79624 4.37317 
705 4.02281 2.03389 
706 4.0639 2.34975 
707 4.06053 2.66117 
708 4.04509 2.94897 
709 4.07245 3.29194 
710 4.08148 3.5574 
711 4.08195 3.90349 
712 4.04278 4.22966 
713 4.362 2.16 
714 4.36751 2.51556 
715 4.37296 2.84953 
716 4.36877 3.13053 
717 4.3723 3.47245 
718 4.33006 3.74565 
719 4.41972 4.08195 
720 6.24166 4.36261 1000
721 6.2583 4.6838 
722 6.59429 4.25149 
723 6.5414 4.53702 
724 6.52014 4.82726 
725 6.88433 3.16921 
726 6.88826 3.42294 
727 6.87682 3.72577 
728 6.84963 4.04762 
729 6.83273 4.36907 
730 6.86786 4.67556 
731 6.91638 5.00013 
732 7.1896 3.01536 
733 7.23277 3.23652 
734 7.16997 3.59889 
735 7.15237 3.86871 
736 7.20348 4.23588 
737 7.19858 4.54743 
738 7.19712 4.87908 
739 7.17262 5.12845 
740 7.49775 2.7878 
741 7.47176 3.11324 1000
742 7.53554 3.46486 
743 7.46845 3.70635 
744 7.47191 4.09879 
745 7.45719 4.34564 
746 7.54513 4.72919 
747 7.47694 4.96818 
748 7.46921 5.32248 
749 7.48228 5.64624 
750 7.47905 5.91906 
751 7.83482 2.99602 
752 7.77867 3.29534 
753 7.84799 3.62737 
754 7.83326 3.94941 
755 7.81992 4.21322 
756 7.80196 4.53022 
757 7.77152 4.87708 
758 7.77053 5.12264 
759 7.76803 5.46511 
760 7.77358 5.78063 
761 7.77731 6.08255 
762 8.11745 3.13279 
763 8.10357 3.40653 
764 8.11495 3.76566 
765 8.14988 4.05228 
766 8.16687 4.34965 
767 8.15137 4.65592 
768 8.13364 4.98289 
769 8.12418 5.3115 
770 8.16594 5.60894 
771 8.16242 5.92342 
772 8.46909 2.94501 
773 8.47648 3.27253 
774 8.4684 3.60722 
775 8.41053 3.89837 
776 8.46675 4.2531 
777 8.418 4.49292 
778 8.43493 4.8829 
779 8.4648 5.12015 
780 8.41536 5.48057 
781 8.47403 5.77519 
782 8.75445 2.8118 
783 8.77661 3.11034 
784 8.78558 3.48357 
785 8.75811 3.74519 
786 8.74066 4.09565 
787 8.72868 4.34092 
788 8.77672 4.66231 
789 8.71882 5.01717 
790 8.73455 5.27353 
791 8.70518 5.661 
792 9.10744 2.94824 
793 9.04807 3.26943 
794 9.05527 3.62678 
795 9.05933 3.87526 1000
796 9.09601 4.19081 
797 9.08726 4.56179 
798 9.07804 4.80872 
799 9.06452 5.18157 
800 9.10548 5.46737 
801 9.06747 5.75018 
802 9.40437 2.79636 
803 9.3869 3.16902 
804 9.39564 3.41251 
805 9.41185 3.77122 
806 9.38282 4.0214 
807 9.35501 4.3447 
808 9.38069 4.66596 
809 9.37428 4.96462 
810 9.42014 5.28205 
811 9.38556 5.65015 
812 9.71252 3.00796 
813 9.7058 3.28332 
814 9.6765 3.63018 
815 9.71985 3.90166 
816 9.69495 4.1812 
817 9.65795 4.49959 
818 9.70304 4.80523 
819 9.66064 5.17175 
820 9.71409 5.48932 
821 4.04392 0.189067 
822 4.10145 0.512666 
823 4.0262 0.794663 
824 4.08912 1.10066 
825 4.07545 1.38929 
826 4.0258 1.74806 
827 4.35162 0.043828 
828 4.3712 0.307929 
829 4.41435 0.598532 
830 4.39142 0.94064 
831 4.38026 1.23927 
832 4.37034 1.52542 
833 4.41502 1.91639 
834 4.69494 0.156231 
835 4.68204 0.449096 
836 4.72375 0.796516 
837 4.67772 1.13746 
838 4.66015 1.42798 
839 4.68046 1.69893 
840 4.71509 2.0632 
841 4.72871 2.38546 
842 4.67613 2.61793 
843 4.68608 2.92355 
844 4.66746 3.27178 
845 4.68442 3.63618 
846 4.64411 3.86036 
847 5.00954 0.030651 
848 4.96311 0.318901 
849 4.99874 0.6035 
850 5.01549 0.980114 
851 4.98214 1.24157 
852 4.96248 1.53706 
853 4.95955 1.88615 
854 5.03041 2.18371 
855 4.97997 2.45316 
856 4.98105 2.82395 
857 5.01607 3.16739 
858 4.97831 3.39784 
859 4.9534 3.70934 
860 4.95698 4.02048 
861 5.26755 0.126166 
862 5.30178 0.455009 
863 5.35418 0.827677 
864 5.30626 1.11115 
865 5.28783 1.37063 
866 5.33199 1.73923 
867 5.27823 1.99835 
868 5.28983 2.35679 
869 5.26745 2.70035 
870 5.31581 2.99108 
871 5.27978 3.31774 
872 5.32081 3.59683 
873 5.34188 3.8661 
874 5.26812 4.24316 
875 5.57975 0.037294 
876 5.60374 0.346806 
877 5.61462 0.607937 
878 5.6293 0.964356 
879 5.61383 1.21902 
880 5.59937 1.60465 
881 5.64573 1.83436 
882 5.57974 2.16358 
883 5.62645 2.5265 
884 5.60579 2.81589 
885 5.61991 3.12144 
886 5.59138 3.43869 
887 5.6044 3.70317 
888 5.65712 4.08959 
889 5.6715 4.37509 
890 5.96331 0.13618 
891 5.94348 0.467371 
892 5.96782 0.804089 
893 5.93038 1.09459 
894 5.94445 1.39394 
895 5.89268 1.7221 
896 5.97363 2.06244 
897 5.94699 2.38243 
898 5.98 2.69126 
899 5.89619 2.99834 
900 5.94476 3.27348 1000
901 5.97667 3.5534 
902 5.93376 3.89248 
903 5.97552 4.25659 
904 5.92117 4.52076 
905 6.28202 2.16905 
906 6.25086 2.5306 
907 6.29128 2.76948 
908 6.25317 3.13464 
909 6.26223 3.45809 
910 6.2252 3.77486 
911 6.2906 4.02794 
912 6.53194 2.37185 
913 6.59701 2.65103 
914 6.51578 2.92786 1000
915 6.5754 3.28053 
916 6.54134 3.56375 
917 6.57367 3.92889 
918 6.84993 2.51757 
919 6.9164 2.82083 
920 7.14245 2.6641 
921 6.24878 -0.039758 
922 6.24069 0.328535 
923 6.20669 0.617322 
924 6.20889 0.93471 
925 6.22169 1.28191 
926 6.25922 1.60888 
927 6.2402 1.89156 
928 6.5466 0.142179 
929 6.52721 0.436023 
930 6.56809 0.816547 
931 6.52808 1.10078 
932 6.59127 1.37965 
933 6.60141 1.71282 
934 6.53113 2.03716 
935 6.88177 0.029001 
936 6.84858 0.351613 
937 6.89905 0.580935 
938 6.88899 0.947322 
939 6.88609 1.2124 
940 6.88291 1.55573 
941 6.87155 1.89439 
942 6.83272 2.18071 
943 7.22626 0.154551 
944 7.22081 0.487295 1000
945 7.16922 0.754821 
946 7.17185 1.0916 
947 7.23106 1.37648 
948 7.195 1.69886 
949 7.19918 2.05342 
950 7.21629 2.36886 
951 7.54163 -0.012086 
952 7.51772 0.344709 
953 7.50315 0.59953 
954 7.50209 0.920754 
955 7.50562 1.23756 
956 7.53151 1.5912 
957 7.49471 1.86885 
958 7.48057 2.20989 
959 7.53964 2.50057 
960 7.76899 0.171368 
961 7.76604 0.439654 
962 7.8223 0.792906 
963 7.85928 1.0795 
964 7.81619 1.42605 
965 7.82723 1.72773 
966 7.84556 2.04584 
967 7.80445 2.32967 
968 7.85431 2.64801 
969 8.08844 0.035716 
970 8.09329 0.295261 
971 8.1502 0.638544 
972 8.13124 0.947913 
973 8.13499 1.26634 
974 8.14554 1.56903 
975 8.16758 1.89865 
976 8.10302 2.15616 
977 8.14997 2.49776 
978 8.09037 2.82452 
979 8.43984 0.156475 
980 8.47573 0.433792 
981 8.45673 0.743916 
982 8.46357 1.04793 
983 8.42812 1.41029 
984 8.40947 1.76408 
985 8.4823 2.07361 
986 8.4839 2.30608 
987 8.42867 2.62776 
988 8.7618 0.000894 
989 8.71021 0.270737 
990 8.71422 0.605252 
991 8.75322 0.906216 
992 8.74639 1.29137 
993 8.74625 1.58942 
994 8.72726 1.91177 
995 8.71315 2.1486 
996 8.70756 2.46792 
997 9.04217 0.132877 
998 9.10856 0.440062 
999 9.07109 0.736493 
1000 9.02336 1.06745 
1001 9.08031 1.36167 
1002 9.0404 1.69612 
1003 9.05894 2.03838 
1004 9.05426 2.38912 
1005 9.10459 2.67087 
1006 9.36619 -0.019922 
1007 9.37138 0.296213 
1008 9.37594 0.61181 
1009 9.3904 0.970904 
1010 9.32897 1.27764 
1011 9.38556 1.60706 
1012 9.40518 1.87987 
1013 9.39913 2.21816 
1014 9.41387 2.47277 
1015 9.68757 0.181015 
1016 9.70839 0.514988 
1017 9.69394 0.790449 
1018 9.73325 1.06906 
1019 9.70341 1.36708 
1020 9.65076 1.74531 
1021 9.64666 2.0445 
1022 9.65208 2.33393 
1023 9.68642 2.6516 
#
511 519
511 619
511 514
511 532
511 522
511 512
511 513
511 515
512 511
512 513
512 522
512 523
513 511
513 512
513 523
513 514
513 524
514 511
514 525
514 513
514 515
514 524
515 511
515 525
515 519
515 526
515 514
515 516
515 517
516 515
516 517
516 526
516 527
517 519
517 528
517 516
517 527
517 515
517 518
518 517
518 519
518 528
518 529
519 511
519 616
519 515
519 529
519 517
519 518
519 530
519 520
519 521
519 619
520 519
520 521
520 530
520 531
521 519
521 520
521 531
521 616
521 620
616 519
616 621
616 521
616 619
616 620
616 617
617 616
617 619
617 622
617 621
617 618
618 617
618 619
618 622
618 623
619 519
619 618
619 624
619 0
619 616
619 511
619 617
619 623
619 99
619 101
619 4
99 619
99 101
99 108
99 624
99 100
100 99
100 101
100 108
100 109
101 619
101 0
101 100
101 110
101 109
101 99
101 102
101 104
102 101
102 110
102 103
102 111
102 104
103 102
103 104
103 111
103 112
104 101
104 103
104 113
104 0
104 112
104 102
104 105
104 107
105 104
105 107
105 114
105 113
105 106
106 105
106 107
106 114
106 115
107 104
107 106
107 8
107 0
107 115
107 105
0 619
0 1
0 104
0 107
0 9
0 4
0 101
0 8
0 2
1 0
1 2
1 9
1 10
2 1
2 11
2 3
2 10
2 0
2 4
3 2
3 11
3 4
3 12
4 619
4 0
4 12
4 2
4 3
4 13
4 5
4 6
5 4
5 6
5 13
5 14
6 4
6 5
6 14
6 7
6 15
7 6
7 15
7 16
522 511
522 533
522 512
522 532
522 523
523 513
523 524
523 512
523 533
523 522
523 534
524 513
524 525
524 535
524 514
524 523
524 534
525 515
525 526
525 514
525 535
525 524
525 536
526 515
526 527
526 537
526 516
526 525
526 536
527 516
527 528
527 538
527 517
527 526
527 537
528 518
528 529
528 517
528 538
528 527
528 539
529 519
529 530
529 518
529 539
529 528
529 540
530 519
530 531
530 541
530 520
530 529
530 540
531 521
531 620
531 520
531 541
531 530
531 625
620 521
620 621
620 626
620 616
620 531
620 625
621 616
621 622
621 627
621 617
621 620
621 626
622 617
622 623
622 628
622 618
622 621
622 627
623 619
623 624
623 618
623 628
623 622
623 629
624 619
624 108
624 630
624 99
624 623
624 629
108 100
108 109
108 99
108 630
108 624
108 116
109 100
109 110
109 117
109 101
109 108
109 116
110 102
110 111
110 101
110 117
110 109
110 118
111 103
111 112
111 102
111 118
111 110
111 119
112 104
112 113
112 103
112 119
112 111
112 120
113 104
113 114
113 121
113 105
113 112
113 120
114 106
114 115
114 105
114 121
114 113
114 122
115 106
115 8
115 17
115 107
115 114
115 122
8 0
8 9
8 107
8 17
8 115
8 18
9 0
9 10
9 19
9 1
9 8
9 18
10 2
10 11
10 1
10 19
10 9
10 20
11 2
11 12
11 21
11 3
11 10
11 20
12 4
12 13
12 3
12 21
12 11
12 22
13 4
13 14
13 23
13 5
13 12
13 22
14 6
14 15
14 5
14 23
14 13
14 24
15 7
15 16
15 6
15 24
15 14
15 25
16 7
16 53
16 15
16 34
16 25
532 511
532 533
532 522
532 551
532 542
533 522
533 523
533 534
533 532
533 543
533 542
534 523
534 533
534 544
534 535
534 524
534 543
535 524
535 525
535 536
535 534
535 545
535 544
536 525
536 535
536 546
536 537
536 526
536 545
537 526
537 527
537 538
537 536
537 547
537 546
538 527
538 537
538 548
538 539
538 528
538 547
539 528
539 529
539 540
539 538
539 549
539 548
540 529
540 539
540 550
540 541
540 530
540 549
541 530
541 531
541 625
541 540
541 631
541 550
625 531
625 620
625 626
625 541
625 632
625 631
626 620
626 625
626 633
626 627
626 621
626 632
627 621
627 622
627 628
627 626
627 634
627 633
628 622
628 627
628 635
628 629
628 623
628 634
629 623
629 624
629 630
629 628
629 636
629 635
630 624
630 108
630 116
630 629
630 637
630 636
116 108
116 630
116 123
116 117
116 109
116 637
117 109
117 110
117 118
117 116
117 124
117 123
118 110
118 111
118 119
118 117
118 125
118 124
119 111
119 118
119 126
119 120
119 112
119 125
120 112
120 113
120 121
120 119
120 127
120 126
121 113
121 114
121 122
121 120
121 128
121 127
122 114
122 121
122 129
122 17
122 115
122 128
17 115
17 8
17 18
17 122
17 26
17 129
18 8
18 17
18 27
18 19
18 9
18 26
19 9
19 10
19 20
19 18
19 28
19 27
20 10
20 11
20 21
20 19
20 29
20 28
21 11
21 20
21 30
21 22
21 12
21 29
22 12
22 13
22 23
22 21
22 31
22 30
23 13
23 14
23 24
23 22
23 32
23 31
24 14
24 23
24 33
24 25
24 15
24 32
25 15
25 34
25 16
25 24
25 33
542 532
542 552
542 533
542 551
542 543
543 534
543 544
543 533
543 552
543 542
543 553
544 534
544 545
544 554
544 535
544 543
544 553
545 536
545 546
545 535
545 554
545 544
545 555
546 536
546 547
546 556
546 537
546 545
546 555
547 537
547 548
547 557
547 538
547 546
547 556
548 538
548 549
548 558
548 539
548 547
548 557
549 540
549 550
549 539
549 558
549 548
549 559
550 540
550 631
550 638
550 541
550 549
550 559
631 625
631 632
631 541
631 638
631 550
631 639
632 625
632 633
632 640
632 626
632 631
632 639
633 627
633 634
633 626
633 640
633 632
633 641
634 627
634 635
634 642
634 628
634 633
634 641
635 629
635 636
635 628
635 642
635 634
635 643
636 630
636 637
636 629
636 643
636 635
636 644
637 630
637 123
637 130
637 116
637 636
637 644
123 117
123 124
123 116
123 130
123 637
123 131
124 117
124 125
124 132
124 118
124 123
124 131
125 119
125 126
125 118
125 132
125 124
125 133
126 119
126 127
126 134
126 120
126 125
126 133
127 121
127 128
127 120
127 134
127 126
127 135
128 121
128 129
128 136
128 122
128 127
128 135
129 122
129 26
129 35
129 17
129 128
129 136
26 18
26 27
26 17
26 35
26 129
26 36
27 19
27 28
27 18
27 36
27 26
27 37
28 19
28 29
28 38
28 20
28 27
28 37
29 20
29 30
29 39
29 21
29 28
29 38
30 22
30 31
30 21
30 39
30 29
30 40
31 22
31 32
31 41
31 23
31 30
31 40
32 23
32 33
32 42
32 24
32 31
32 41
33 25
33 34
33 24
33 42
33 32
33 43
34 16
34 25
34 33
34 53
34 43
551 532
551 552
551 542
551 568
551 560
552 542
552 543
552 553
552 551
552 561
552 560
553 543
553 544
553 554
553 552
553 562
553 561
554 544
554 553
554 563
554 555
554 545
554 562
555 545
555 546
555 556
555 554
555 564
555 563
556 546
556 555
556 565
556 557
556 547
556 564
557 547
557 548
557 558
557 556
557 566
557 565
558 548
558 549
558 559
558 557
558 567
558 566
559 549
559 558
559 645
559 638
559 550
559 567
638 550
638 631
638 639
638 559
638 646
638 645
639 631
639 638
639 647
639 640
639 632
639 646
640 632
640 633
640 641
640 639
640 648
640 647
641 633
641 640
641 649
641 642
641 634
641 648
642 634
642 635
642 643
642 641
642 650
642 649
643 635
643 642
643 651
643 644
643 636
643 650
644 636
644 637
644 130
644 643
644 137
644 651
130 637
130 644
130 138
130 131
130 123
130 137
131 123
131 130
131 139
131 132
131 124
131 138
132 124
132 125
132 133
132 131
132 140
132 139
133 125
133 132
133 141
133 134
133 126
133 140
134 126
134 133
134 142
134 135
134 127
134 141
135 127
135 128
135 136
135 134
135 143
135 142
136 128
136 135
136 44
136 35
136 129
136 143
35 129
35 26
35 36
35 136
35 45
35 44
36 26
36 35
36 46
36 37
36 27
36 45
37 27
37 36
37 47
37 38
37 28
37 46
38 28
38 29
38 39
38 37
38 48
38 47
39 29
39 38
39 49
39 40
39 30
39 48
40 30
40 39
40 50
40 41
40 31
40 49
41 31
41 32
41 42
41 40
41 51
41 50
42 32
42 41
42 52
42 43
42 33
42 51
43 33
43 53
43 34
43 42
43 52
560 551
560 569
560 552
560 561
560 568
561 553
561 562
561 552
561 569
561 560
561 570
562 553
562 563
562 571
562 554
562 561
562 570
563 555
563 564
563 554
563 571
563 562
563 572
564 556
564 565
564 555
564 572
564 563
564 573
565 556
565 566
565 574
565 557
565 564
565 573
566 558
566 567
566 557
566 574
566 565
566 575
567 559
567 645
567 558
567 575
567 566
567 652
645 638
645 646
645 559
645 652
645 567
645 653
646 638
646 647
646 654
646 639
646 645
646 653
647 640
647 648
647 639
647 654
647 646
647 655
648 640
648 649
648 656
648 641
648 647
648 655
649 641
649 650
649 657
649 642
649 648
649 656
650 642
650 651
650 658
650 643
650 649
650 657
651 643
651 137
651 144
651 644
651 650
651 658
137 644
137 138
137 145
137 130
137 651
137 144
138 131
138 139
138 130
138 145
138 137
138 146
139 131
139 140
139 147
139 132
139 138
139 146
140 133
140 141
140 132
140 147
140 139
140 148
141 133
141 142
141 149
141 134
141 140
141 148
142 134
142 143
142 150
142 135
142 141
142 149
143 135
143 44
143 151
143 136
143 142
143 150
44 35
44 45
44 136
44 151
44 143
44 54
45 35
45 46
45 55
45 36
45 44
45 54
46 37
46 47
46 36
46 55
46 45
46 56
47 37
47 48
47 57
47 38
47 46
47 56
48 39
48 49
48 38
48 57
48 47
48 58
49 40
49 50
49 39
49 58
49 48
49 59
50 40
50 51
50 60
50 41
50 49
50 59
51 42
51 52
51 41
51 60
51 50
51 61
52 43
52 53
52 42
52 61
52 51
52 62
53 16
53 34
53 43
53 52
53 62
53 72
53 90
568 551
568 560
568 569
568 921
568 597
568 583
568 576
569 560
569 568
569 577
569 570
569 561
569 576
570 561
570 569
570 578
570 571
570 562
570 577
571 562
571 563
571 572
571 570
571 579
571 578
572 563
572 571
572 580
572 573
572 564
572 579
573 564
573 572
573 581
573 574
573 565
573 580
574 565
574 566
574 575
574 573
574 582
574 581
575 566
575 574
575 659
575 652
575 567
575 582
652 567
652 645
652 653
652 575
652 660
652 659
653 645
653 652
653 661
653 654
653 646
653 660
654 646
654 653
654 662
654 655
654 647
654 661
655 647
655 648
655 656
655 654
655 663
655 662
656 648
656 655
656 664
656 657
656 649
656 663
657 649
657 650
657 658
657 656
657 665
657 664
658 650
658 657
658 152
658 144
658 651
658 665
144 651
144 137
144 145
144 658
144 153
144 152
145 137
145 144
145 154
145 146
145 138
145 153
146 138
146 139
146 147
146 145
146 155
146 154
147 139
147 146
147 156
147 148
147 140
147 155
148 140
148 141
148 149
148 147
148 157
148 156
149 141
149 142
149 150
149 148
149 158
149 157
150 142
150 143
150 151
150 149
150 159
150 158
151 143
151 150
151 63
151 54
151 44
151 159
54 44
54 45
54 55
54 151
54 64
54 63
55 45
55 54
55 65
55 56
55 46
55 64
56 46
56 47
56 57
56 55
56 66
56 65
57 47
57 56
57 67
57 58
57 48
57 66
58 48
58 57
58 68
58 59
58 49
58 67
59 49
59 50
59 60
59 58
59 69
59 68
60 50
60 51
60 61
60 59
60 70
60 69
61 51
61 60
61 71
61 62
61 52
61 70
62 52
62 72
62 53
62 61
62 71
576 568
576 584
576 569
576 583
576 577
577 569
577 578
577 585
577 570
577 576
577 584
578 571
578 579
578 570
578 585
578 577
578 586
579 572
579 580
579 571
579 586
579 578
579 587
580 572
580 581
580 588
580 573
580 579
580 587
581 574
581 582
581 573
581 588
581 580
581 589
582 575
582 659
582 574
582 589
582 581
582 666
659 652
659 660
659 575
659 666
659 582
659 667
660 652
660 661
660 668
660 653
660 659
660 667
661 654
661 662
661 653
661 668
661 660
661 669
662 655
662 663
662 654
662 669
662 661
662 670
663 655
663 664
663 671
663 656
663 662
663 670
664 656
664 665
664 672
664 657
664 663
664 671
665 657
665 152
665 160
665 658
665 664
665 672
152 658
152 153
152 161
152 144
152 665
152 160
153 145
153 154
153 144
153 161
153 152
153 162
154 145
154 155
154 163
154 146
154 153
154 162
155 147
155 156
155 146
155 163
155 154
155 164
156 147
156 157
156 165
156 148
156 155
156 164
157 148
157 158
157 166
157 149
157 156
157 165
158 149
158 159
158 167
158 150
158 157
158 166
159 151
159 63
159 150
159 167
159 158
159 168
63 54
63 64
63 151
63 168
63 159
63 73
64 55
64 65
64 54
64 73
64 63
64 74
65 55
65 66
65 75
65 56
65 64
65 74
66 56
66 67
66 76
66 57
66 65
66 75
67 57
67 68
67 77
67 58
67 66
67 76
68 59
68 69
68 58
68 77
68 67
68 78
69 59
69 70
69 79
69 60
69 68
69 78
70 61
70 71
70 60
70 79
70 69
70 80
71 61
71 72
71 81
71 62
71 70
71 80
72 53
72 62
72 71
72 90
72 81
583 568
583 584
583 576
583 597
583 590
584 576
584 577
584 585
584 583
584 591
584 590
585 577
585 578
585 586
585 584
585 592
585 591
586 578
586 579
586 587
586 585
586 593
586 592
587 579
587 586
587 594
587 588
587 580
587 593
588 580
588 581
588 589
588 587
588 595
588 594
589 581
589 588
589 596
589 666
589 582
589 595
666 582
666 659
666 667
666 589
666 673
666 596
667 659
667 660
667 668
667 666
667 674
667 673
668 660
668 667
668 675
668 669
668 661
668 674
669 661
669 662
669 670
669 668
669 676
669 675
670 662
670 669
670 677
670 671
670 663
670 676
671 663
671 664
671 672
671 670
671 678
671 677
672 664
672 665
672 160
672 671
672 679
672 678
160 665
160 672
160 169
160 161
160 152
160 679
161 152
161 153
161 162
161 160
161 170
161 169
162 153
162 161
162 171
162 163
162 154
162 170
163 154
163 155
163 164
163 162
163 172
163 171
164 155
164 156
164 165
164 163
164 173
164 172
165 156
165 164
165 174
165 166
165 157
165 173
166 157
166 158
166 167
166 165
166 175
166 174
167 158
167 159
167 168
167 166
167 176
167 175
168 159
168 167
168 177
168 73
168 63
168 176
73 63
73 64
73 74
73 168
73 82
73 177
74 64
74 73
74 83
74 75
74 65
74 82
75 65
75 74
75 84
75 76
75 66
75 83
76 66
76 67
76 77
76 75
76 85
76 84
77 67
77 68
77 78
77 76
77 86
77 85
78 68
78 77
78 87
78 79
78 69
78 86
79 69
79 78
79 88
79 80
79 70
79 87
80 70
80 71
80 81
80 79
80 89
80 88
81 71
81 90
81 72
81 80
81 89
590 583
590 598
590 584
590 597
590 591
591 585
591 592
591 584
591 598
591 590
591 599
592 585
592 593
592 600
592 586
592 591
592 599
593 586
593 594
593 601
593 587
593 592
593 600
594 587
594 595
594 602
594 588
594 593
594 601
595 589
595 596
595 588
595 602
595 594
595 603
596 666
596 673
596 589
596 603
596 595
596 680
673 666
673 674
673 681
673 667
673 596
673 680
674 668
674 675
674 667
674 681
674 673
674 682
675 668
675 676
675 683
675 669
675 674
675 682
676 670
676 677
676 669
676 683
676 675
676 684
677 671
677 678
677 670
677 684
677 676
677 685
678 671
678 679
678 686
678 672
678 677
678 685
679 672
679 169
679 687
679 160
679 678
679 686
169 161
169 170
169 160
169 687
169 679
169 178
170 162
170 171
170 161
170 178
170 169
170 179
171 162
171 172
171 180
171 163
171 170
171 179
172 164
172 173
172 163
172 180
172 171
172 181
173 164
173 174
173 182
173 165
173 172
173 181
174 166
174 175
174 165
174 182
174 173
174 183
175 166
175 176
175 184
175 167
175 174
175 183
176 167
176 177
176 185
176 168
176 175
176 184
177 73
177 82
177 168
177 185
177 176
177 186
82 73
82 83
82 91
82 74
82 177
82 186
83 75
83 84
83 74
83 91
83 82
83 92
84 76
84 85
84 75
84 92
84 83
84 93
85 76
85 86
85 94
85 77
85 84
85 93
86 78
86 87
86 77
86 94
86 85
86 95
87 78
87 88
87 96
87 79
87 86
87 95
88 80
88 89
88 79
88 96
88 87
88 97
89 81
89 90
89 80
89 97
89 88
89 98
90 53
90 72
90 81
90 89
90 98
90 415
90 510
597 568
597 583
597 590
597 921
597 598
597 610
597 604
598 590
598 597
598 605
598 599
598 591
598 604
599 591
599 592
599 600
599 598
599 606
599 605
600 592
600 599
600 607
600 601
600 593
600 606
601 593
601 600
601 608
601 602
601 594
601 607
602 594
602 595
602 603
602 601
602 609
602 608
603 595
603 602
603 688
603 680
603 596
603 609
680 596
680 603
680 689
680 681
680 673
680 688
681 673
681 674
681 682
681 680
681 690
681 689
682 674
682 681
682 691
682 683
682 675
682 690
683 675
683 676
683 684
683 682
683 692
683 691
684 676
684 683
684 693
684 685
684 677
684 692
685 677
685 678
685 686
685 684
685 694
685 693
686 678
686 685
686 695
686 687
686 679
686 694
687 679
687 169
687 178
687 686
687 187
687 695
178 169
178 687
178 188
178 179
178 170
178 187
179 170
179 171
179 180
179 178
179 189
179 188
180 171
180 172
180 181
180 179
180 190
180 189
181 172
181 180
181 191
181 182
181 173
181 190
182 173
182 181
182 192
182 183
182 174
182 191
183 174
183 175
183 184
183 182
183 193
183 192
184 175
184 176
184 185
184 183
184 194
184 193
185 176
185 184
185 195
185 186
185 177
185 194
186 177
186 82
186 91
186 185
186 407
186 195
91 82
91 186
91 408
91 92
91 83
91 407
92 83
92 84
92 93
92 91
92 409
92 408
93 84
93 85
93 94
93 92
93 410
93 409
94 85
94 93
94 411
94 95
94 86
94 410
95 86
95 87
95 96
95 94
95 412
95 411
96 87
96 95
96 413
96 97
96 88
96 412
97 88
97 96
97 414
97 98
97 89
97 413
98 89
98 415
98 90
98 97
98 414
604 597
604 611
604 598
604 605
604 610
605 598
605 606
605 612
605 599
605 604
605 611
606 600
606 607
606 599
606 612
606 605
606 613
607 601
607 608
607 600
607 613
607 606
607 614
608 601
608 609
608 615
608 602
608 607
608 614
609 603
609 688
609 602
609 615
609 608
609 696
688 603
688 689
688 697
688 680
688 609
688 696
689 680
689 690
689 698
689 681
689 688
689 697
690 682
690 691
690 681
690 698
690 689
690 699
691 682
691 692
691 700
691 683
691 690
691 699
692 684
692 693
692 683
692 700
692 691
692 701
693 684
693 694
693 702
693 685
693 692
693 701
694 686
694 695
694 685
694 702
694 693
694 703
695 686
695 187
695 704
695 687
695 694
695 703
187 178
187 188
187 687
187 704
187 695
187 196
188 179
188 189
188 178
188 196
188 187
188 197
189 179
189 190
189 198
189 180
189 188
189 197
190 180
190 191
190 199
190 181
190 189
190 198
191 182
191 192
191 181
191 199
191 190
191 200
192 182
192 193
192 201
192 183
192 191
192 200
193 183
193 194
193 307
193 184
193 192
193 201
194 185
194 195
194 184
194 307
194 193
194 308
195 186
195 407
195 185
195 308
195 194
195 416
407 186
407 408
407 417
407 91
407 195
407 416
408 91
408 409
408 418
408 92
408 407
408 417
409 93
409 410
409 92
409 418
409 408
409 419
410 93
410 411
410 420
410 94
410 409
410 419
411 95
411 412
411 94
411 420
411 410
411 421
412 95
412 413
412 422
412 96
412 411
412 421
413 97
413 414
413 96
413 422
413 412
413 423
414 97
414 415
414 424
414 98
414 413
414 423
415 90
415 98
415 433
415 424
415 414
415 463
415 510
610 597
610 921
610 604
610 611
610 847
610 827
610 821
611 604
611 610
611 822
611 612
611 605
611 821
612 605
612 606
612 613
612 611
612 823
612 822
613 606
613 607
613 614
613 612
613 824
613 823
614 607
614 613
614 825
614 615
614 608
614 824
615 608
615 609
615 696
615 614
615 826
615 825
696 609
696 615
696 705
696 697
696 688
696 826
697 688
697 696
697 706
697 698
697 689
697 705
698 689
698 690
698 699
698 697
698 707
698 706
699 690
699 698
699 708
699 700
699 691
699 707
700 691
700 692
700 701
700 699
700 709
700 708
701 692
701 693
701 702
701 700
701 710
701 709
702 693
702 701
702 711
702 703
702 694
702 710
703 694
703 695
703 704
703 702
703 712
703 711
704 695
704 703
704 309
704 196
704 187
704 712
196 187
196 704
196 310
196 197
196 188
196 309
197 188
197 196
197 311
197 198
197 189
197 310
198 189
198 190
198 199
198 197
198 312
198 311
199 190
199 198
199 313
199 200
199 191
199 312
200 191
200 192
200 201
200 199
200 314
200 313
201 192
201 193
201 307
201 200
201 315
201 314
307 193
307 201
307 316
307 308
307 194
307 315
308 194
308 307
308 317
308 416
308 195
308 316
416 195
416 308
416 425
416 417
416 407
416 317
417 407
417 408
417 418
417 416
417 426
417 425
418 408
418 409
418 419
418 417
418 427
418 426
419 409
419 410
419 420
419 418
419 428
419 427
420 410
420 419
420 429
420 421
420 411
420 428
421 411
421 412
421 422
421 420
421 430
421 429
422 412
422 421
422 431
422 423
422 413
422 430
423 413
423 414
423 424
423 422
423 432
423 431
424 414
424 433
424 415
424 423
424 432
821 610
821 828
821 611
821 827
821 822
822 612
822 823
822 611
822 828
822 821
822 829
823 612
823 824
823 830
823 613
823 822
823 829
824 614
824 825
824 613
824 830
824 823
824 831
825 615
825 826
825 614
825 831
825 824
825 832
826 615
826 705
826 833
826 696
826 825
826 832
705 696
705 706
705 713
705 697
705 826
705 833
706 698
706 707
706 697
706 713
706 705
706 714
707 699
707 708
707 698
707 714
707 706
707 715
708 699
708 709
708 716
708 700
708 707
708 715
709 700
709 710
709 717
709 701
709 708
709 716
710 701
710 711
710 718
710 702
710 709
710 717
711 703
711 712
711 702
711 718
711 710
711 719
712 703
712 309
712 318
712 704
712 711
712 719
309 196
309 310
309 704
309 318
309 712
309 319
310 196
310 311
310 320
310 197
310 309
310 319
311 197
311 312
311 321
311 198
311 310
311 320
312 199
312 313
312 198
312 321
312 311
312 322
313 199
313 314
313 323
313 200
313 312
313 322
314 201
314 315
314 200
314 323
314 313
314 324
315 201
315 316
315 325
315 307
315 314
315 324
316 308
316 317
316 307
316 325
316 315
316 326
317 308
317 425
317 327
317 416
317 316
317 326
425 416
425 426
425 434
425 417
425 317
425 327
426 417
426 427
426 435
426 418
426 425
426 434
427 419
427 428
427 418
427 435
427 426
427 436
428 419
428 429
428 437
428 420
428 427
428 436
429 421
429 430
429 420
429 437
429 428
429 438
430 422
430 431
430 421
430 438
430 429
430 439
431 422
431 432
431 440
431 423
431 430
431 439
432 424
432 433
432 423
432 440
432 431
432 441
433 415
433 424
433 449
433 441
433 432
433 463
827 610
827 828
827 821
827 847
827 834
828 821
828 822
828 829
828 827
828 835
828 834
829 822
829 828
829 836
829 830
829 823
829 835
830 823
830 829
830 837
830 831
830 824
830 836
831 824
831 825
831 832
831 830
831 838
831 837
832 825
832 826
832 833
832 831
832 839
832 838
833 826
833 832
833 840
833 713
833 705
833 839
713 705
713 706
713 714
713 833
713 841
713 840
714 706
714 707
714 715
714 713
714 842
714 841
715 707
715 714
715 843
715 716
715 708
715 842
716 708
716 709
716 717
716 715
716 844
716 843
717 709
717 716
717 845
717 718
717 710
717 844
718 710
718 711
718 719
718 717
718 846
718 845
719 711
719 718
719 328
719 318
719 712
719 846
318 712
318 719
318 329
318 319
318 309
318 328
319 309
319 318
319 330
319 320
319 310
319 329
320 310
320 311
320 321
320 319
320 331
320 330
321 311
321 320
321 332
321 322
321 312
321 331
322 312
322 313
322 323
322 321
322 333
322 332
323 313
323 314
323 324
323 322
323 334
323 333
324 314
324 323
324 335
324 325
324 315
324 334
325 315
325 324
325 336
325 326
325 316
325 335
326 316
326 317
326 327
326 325
326 337
326 336
327 317
327 425
327 434
327 326
327 338
327 337
434 425
434 426
434 435
434 327
434 442
434 338
435 426
435 434
435 443
435 436
435 427
435 442
436 427
436 435
436 444
436 437
436 428
436 443
437 428
437 429
437 438
437 436
437 445
437 444
438 429
438 430
438 439
438 437
438 446
438 445
439 430
439 438
439 447
439 440
439 431
439 446
440 431
440 432
440 441
440 439
440 448
440 447
441 432
441 449
441 433
441 440
441 448
834 827
834 848
834 828
834 835
834 847
835 828
835 836
835 849
835 829
835 834
835 848
836 830
836 837
836 829
836 849
836 835
836 850
837 831
837 838
837 830
837 850
837 836
837 851
838 831
838 839
838 852
838 832
838 837
838 851
839 832
839 840
839 853
839 833
839 838
839 852
840 713
840 841
840 833
840 853
840 839
840 854
841 713
841 842
841 855
841 714
841 840
841 854
842 714
842 843
842 856
842 715
842 841
842 855
843 716
843 844
843 715
843 856
843 842
843 857
844 716
844 845
844 858
844 717
844 843
844 857
845 718
845 846
845 717
845 858
845 844
845 859
846 718
846 328
846 860
846 719
846 845
846 859
328 719
328 329
328 339
328 318
328 846
328 860
329 319
329 330
329 318
329 339
329 328
329 340
330 319
330 331
330 341
330 320
330 329
330 340
331 321
331 332
331 320
331 341
331 330
331 342
332 321
332 333
332 343
332 322
332 331
332 342
333 323
333 334
333 322
333 343
333 332
333 344
334 323
334 335
334 345
334 324
334 333
334 344
335 325
335 336
335 324
335 345
335 334
335 346
336 325
336 337
336 347
336 326
336 335
336 346
337 327
337 338
337 326
337 347
337 336
337 348
338 327
338 442
338 349
338 434
338 337
338 348
442 435
442 443
442 434
442 349
442 338
442 450
443 436
443 444
443 435
443 450
443 442
443 451
444 436
444 445
444 452
444 437
444 443
444 451
445 437
445 446
445 453
445 438
445 444
445 452
446 439
446 447
446 438
446 453
446 445
446 454
447 439
447 448
447 455
447 440
447 446
447 454
448 440
448 449
448 456
448 441
448 447
448 455
449 433
449 441
449 448
449 463
449 456
847 610
847 827
847 848
847 834
847 921
847 875
847 861
848 834
848 835
848 849
848 847
848 862
848 861
849 835
849 836
849 850
849 848
849 863
849 862
850 836
850 837
850 851
850 849
850 864
850 863
851 837
851 850
851 865
851 852
851 838
851 864
852 838
852 839
852 853
852 851
852 866
852 865
853 839
853 840
853 854
853 852
853 867
853 866
854 840
854 853
854 868
854 855
854 841
854 867
855 841
855 842
855 856
855 854
855 869
855 868
856 842
856 843
856 857
856 855
856 870
856 869
857 843
857 856
857 871
857 858
857 844
857 870
858 844
858 845
858 859
858 857
858 872
858 871
859 845
859 858
859 873
859 860
859 846
859 872
860 846
860 328
860 339
860 859
860 874
860 873
339 328
339 860
339 350
339 340
339 329
339 874
340 329
340 339
340 351
340 341
340 330
340 350
341 330
341 331
341 342
341 340
341 352
341 351
342 331
342 332
342 343
342 341
342 353
342 352
343 332
343 342
343 354
343 344
343 333
343 353
344 333
344 343
344 355
344 345
344 334
344 354
345 334
345 335
345 346
345 344
345 356
345 355
346 335
346 336
346 347
346 345
346 357
346 356
347 336
347 337
347 348
347 346
347 358
347 357
348 337
348 338
348 349
348 347
348 359
348 358
349 338
349 348
349 360
349 450
349 442
349 359
450 442
450 443
450 451
450 349
450 457
450 360
451 443
451 444
451 452
451 450
451 458
451 457
452 444
452 451
452 459
452 453
452 445
452 458
453 445
453 452
453 460
453 454
453 446
453 459
454 446
454 447
454 455
454 453
454 461
454 460
455 447
455 454
455 462
455 456
455 448
455 461
456 448
456 463
456 449
456 455
456 462
861 847
861 876
861 848
861 875
861 862
862 848
862 863
862 877
862 849
862 861
862 876
863 850
863 864
863 849
863 877
863 862
863 878
864 850
864 865
864 879
864 851
864 863
864 878
865 851
865 866
865 880
865 852
865 864
865 879
866 853
866 867
866 852
866 880
866 865
866 881
867 853
867 868
867 882
867 854
867 866
867 881
868 854
868 869
868 883
868 855
868 867
868 882
869 855
869 870
869 884
869 856
869 868
869 883
870 857
870 871
870 856
870 884
870 869
870 885
871 857
871 872
871 886
871 858
871 870
871 885
872 858
872 873
872 887
872 859
872 871
872 886
873 860
873 874
873 859
873 887
873 872
873 888
874 860
874 350
874 889
874 339
874 873
874 888
350 340
350 351
350 339
350 889
350 874
350 361
351 340
351 352
351 362
351 341
351 350
351 361
352 342
352 353
352 341
352 362
352 351
352 363
353 343
353 354
353 342
353 363
353 352
353 364
354 344
354 355
354 343
354 364
354 353
354 365
355 344
355 356
355 366
355 345
355 354
355 365
356 346
356 357
356 345
356 366
356 355
356 367
357 346
357 358
357 368
357 347
357 356
357 367
358 348
358 359
358 347
358 368
358 357
358 369
359 348
359 360
359 370
359 349
359 358
359 369
360 450
360 457
360 349
360 370
360 359
360 464
457 450
457 458
457 465
457 451
457 360
457 464
458 451
458 459
458 466
458 452
458 457
458 465
459 452
459 460
459 467
459 453
459 458
459 466
460 454
460 461
460 453
460 467
460 459
460 468
461 454
461 462
461 469
461 455
461 460
461 468
462 455
462 463
462 470
462 456
462 461
462 469
463 415
463 456
463 433
463 449
463 462
463 470
463 478
463 510
875 847
875 876
875 861
875 921
875 890
876 861
876 862
876 877
876 875
876 891
876 890
877 862
877 863
877 878
877 876
877 892
877 891
878 863
878 877
878 893
878 879
878 864
878 892
879 864
879 878
879 894
879 880
879 865
879 893
880 865
880 866
880 881
880 879
880 895
880 894
881 866
881 880
881 896
881 882
881 867
881 895
882 867
882 868
882 883
882 881
882 897
882 896
883 868
883 882
883 898
883 884
883 869
883 897
884 869
884 870
884 885
884 883
884 899
884 898
885 870
885 884
885 900
885 886
885 871
885 899
886 871
886 872
886 887
886 885
886 901
886 900
887 872
887 873
887 888
887 886
887 902
887 901
888 873
888 887
888 903
888 889
888 874
888 902
889 874
889 888
889 904
889 361
889 350
889 903
361 350
361 351
361 362
361 889
361 371
361 904
362 351
362 361
362 372
362 363
362 352
362 371
363 352
363 353
363 364
363 362
363 373
363 372
364 353
364 363
364 374
364 365
364 354
364 373
365 354
365 355
365 366
365 364
365 375
365 374
366 355
366 356
366 367
366 365
366 376
366 375
367 356
367 366
367 377
367 368
367 357
367 376
368 357
368 358
368 369
368 367
368 378
368 377
369 358
369 368
369 379
369 370
369 359
369 378
370 359
370 360
370 464
370 369
370 471
370 379
464 360
464 370
464 472
464 465
464 457
464 471
465 457
465 458
465 466
465 464
465 473
465 472
466 458
466 459
466 467
466 465
466 474
466 473
467 459
467 460
467 468
467 466
467 475
467 474
468 460
468 461
468 469
468 467
468 476
468 475
469 461
469 468
469 477
469 470
469 462
469 476
470 462
470 478
470 463
470 469
470 477
890 875
890 922
890 876
890 891
890 921
891 876
891 892
891 923
891 877
891 890
891 922
892 878
892 893
892 877
892 923
892 891
892 924
893 878
893 894
893 925
893 879
893 892
893 924
894 880
894 895
894 879
894 925
894 893
894 926
895 880
895 896
895 927
895 881
895 894
895 926
896 882
896 897
896 881
896 927
896 895
896 905
897 882
897 898
897 906
897 883
897 896
897 905
898 884
898 899
898 883
898 906
898 897
898 907
899 884
899 900
899 908
899 885
899 898
899 907
900 885
900 901
900 909
900 886
900 899
900 908
901 887
901 902
901 886
901 909
901 900
901 910
902 887
902 903
902 911
902 888
902 901
902 910
903 889
903 904
903 888
903 911
903 902
903 720
904 889
904 371
904 721
904 361
904 903
904 720
371 362
371 372
371 361
371 721
371 904
371 380
372 362
372 373
372 381
372 363
372 371
372 380
373 363
373 374
373 382
373 364
373 372
373 381
374 365
374 375
374 364
374 382
374 373
374 383
375 365
375 376
375 384
375 366
375 374
375 383
376 366
376 377
376 385
376 367
376 375
376 384
377 367
377 378
377 386
377 368
377 376
377 385
378 368
378 379
378 387
378 369
378 377
378 386
379 370
379 471
379 369
379 387
379 378
379 479
471 464
471 472
471 370
471 479
471 379
471 480
472 464
472 473
472 481
472 465
472 471
472 480
473 466
473 474
473 465
473 481
473 472
473 482
474 467
474 475
474 466
474 482
474 473
474 483
475 467
475 476
475 484
475 468
475 474
475 483
476 469
476 477
476 468
476 484
476 475
476 485
477 469
477 478
477 486
477 470
477 476
477 485
478 463
478 470
478 494
478 486
478 477
478 510
921 568
921 847
921 597
921 928
921 610
921 875
921 890
921 1006
921 922
921 951
921 935
922 890
922 921
922 929
922 923
922 891
922 928
923 891
923 892
923 924
923 922
923 930
923 929
924 892
924 893
924 925
924 923
924 931
924 930
925 893
925 894
925 926
925 924
925 932
925 931
926 894
926 925
926 933
926 927
926 895
926 932
927 895
927 896
927 905
927 926
927 934
927 933
905 896
905 927
905 912
905 906
905 897
905 934
906 897
906 898
906 907
906 905
906 913
906 912
907 898
907 906
907 914
907 908
907 899
907 913
908 899
908 900
908 909
908 907
908 915
908 914
909 900
909 908
909 916
909 910
909 901
909 915
910 901
910 902
910 911
910 909
910 917
910 916
911 902
911 910
911 722
911 720
911 903
911 917
720 903
720 904
720 721
720 911
720 723
720 722
721 904
721 371
721 380
721 720
721 724
721 723
380 371
380 372
380 381
380 721
380 388
380 724
381 372
381 373
381 382
381 380
381 389
381 388
382 373
382 381
382 390
382 383
382 374
382 389
383 374
383 375
383 384
383 382
383 391
383 390
384 375
384 383
384 392
384 385
384 376
384 391
385 376
385 377
385 386
385 384
385 393
385 392
386 377
386 378
386 387
386 385
386 394
386 393
387 378
387 386
387 395
387 479
387 379
387 394
479 379
479 471
479 480
479 387
479 487
479 395
480 471
480 479
480 488
480 481
480 472
480 487
481 472
481 480
481 489
481 482
481 473
481 488
482 473
482 474
482 483
482 481
482 490
482 489
483 474
483 475
483 484
483 482
483 491
483 490
484 475
484 476
484 485
484 483
484 492
484 491
485 476
485 484
485 493
485 486
485 477
485 492
486 477
486 494
486 478
486 485
486 493
928 921
928 936
928 922
928 929
928 935
929 922
929 930
929 937
929 923
929 928
929 936
930 924
930 931
930 923
930 937
930 929
930 938
931 924
931 932
931 939
931 925
931 930
931 938
932 926
932 933
932 925
932 939
932 931
932 940
933 927
933 934
933 926
933 940
933 932
933 941
934 905
934 912
934 927
934 941
934 933
934 942
912 905
912 913
912 918
912 906
912 934
912 942
913 907
913 914
913 906
913 918
913 912
913 919
914 907
914 915
914 725
914 908
914 913
914 919
915 909
915 916
915 908
915 725
915 914
915 726
916 909
916 917
916 727
916 910
916 915
916 726
917 911
917 722
917 910
917 727
917 916
917 728
722 720
722 723
722 911
722 728
722 917
722 729
723 721
723 724
723 720
723 729
723 722
723 730
724 721
724 388
724 731
724 380
724 723
724 730
388 381
388 389
388 380
388 731
388 724
388 396
389 382
389 390
389 381
389 396
389 388
389 397
390 382
390 391
390 398
390 383
390 389
390 397
391 383
391 392
391 399
391 384
391 390
391 398
392 384
392 393
392 400
392 385
392 391
392 399
393 386
393 394
393 385
393 400
393 392
393 401
394 386
394 395
394 402
394 387
394 393
394 401
395 479
395 487
395 387
395 402
395 394
395 495
487 479
487 488
487 496
487 480
487 395
487 495
488 481
488 489
488 480
488 496
488 487
488 497
489 481
489 490
489 498
489 482
489 488
489 497
490 482
490 491
490 499
490 483
490 489
490 498
491 484
491 492
491 483
491 499
491 490
491 500
492 485
492 493
492 484
492 500
492 491
492 501
493 485
493 494
493 502
493 486
493 492
493 501
494 478
494 486
494 506
494 502
494 493
494 510
935 921
935 936
935 928
935 951
935 943
936 928
936 929
936 937
936 935
936 944
936 943
937 929
937 936
937 945
937 938
937 930
937 944
938 930
938 937
938 946
938 939
938 931
938 945
939 931
939 938
939 947
939 940
939 932
939 946
940 932
940 939
940 948
940 941
940 933
940 947
941 933
941 940
941 949
941 942
941 934
941 948
942 934
942 912
942 918
942 941
942 950
942 949
918 912
918 913
918 919
918 942
918 920
918 950
919 913
919 918
919 732
919 725
919 914
919 920
725 914
725 919
725 733
725 726
725 915
725 732
726 915
726 725
726 734
726 727
726 916
726 733
727 916
727 917
727 728
727 726
727 735
727 734
728 917
728 722
728 729
728 727
728 736
728 735
729 722
729 723
729 730
729 728
729 737
729 736
730 723
730 724
730 731
730 729
730 738
730 737
731 724
731 730
731 739
731 396
731 388
731 738
396 388
396 731
396 403
396 397
396 389
396 739
397 389
397 396
397 404
397 398
397 390
397 403
398 390
398 391
398 399
398 397
398 405
398 404
399 391
399 392
399 400
399 398
399 406
399 405
400 392
400 399
400 202
400 401
400 393
400 406
401 393
401 400
401 203
401 402
401 394
401 202
402 394
402 395
402 495
402 401
402 204
402 203
495 395
495 487
495 496
495 402
495 205
495 204
496 487
496 495
496 206
496 497
496 488
496 205
497 488
497 489
497 498
497 496
497 207
497 206
498 489
498 497
498 208
498 499
498 490
498 207
499 490
499 498
499 503
499 500
499 491
499 208
500 491
500 492
500 501
500 499
500 504
500 503
501 492
501 493
501 502
501 500
501 505
501 504
502 493
502 506
502 494
502 501
502 505
943 935
943 952
943 936
943 944
943 951
944 937
944 945
944 936
944 952
944 943
944 953
945 937
945 946
945 954
945 938
945 944
945 953
946 938
946 947
946 955
946 939
946 945
946 954
947 940
947 948
947 939
947 955
947 946
947 956
948 940
948 949
948 957
948 941
948 947
948 956
949 941
949 950
949 958
949 942
949 948
949 957
950 942
950 920
950 959
950 918
950 949
950 958
920 918
920 732
920 740
920 919
920 950
920 959
732 919
732 733
732 741
732 725
732 920
732 740
733 726
733 734
733 725
733 741
733 732
733 742
734 726
734 735
734 743
734 727
734 733
734 742
735 727
735 736
735 744
735 728
735 734
735 743
736 729
736 737
736 728
736 744
736 735
736 745
737 730
737 738
737 729
737 745
737 736
737 746
738 730
738 739
738 747
738 731
738 737
738 746
739 731
739 403
739 748
739 396
739 738
739 747
403 396
403 404
403 749
403 397
403 739
403 748
404 398
404 405
404 397
404 749
404 403
404 750
405 398
405 406
405 209
405 399
405 404
405 750
406 400
406 202
406 399
406 209
406 405
406 210
202 400
202 203
202 211
202 401
202 406
202 210
203 401
203 204
203 212
203 402
203 202
203 211
204 495
204 205
204 402
204 212
204 203
204 213
205 495
205 206
205 214
205 496
205 204
205 213
206 496
206 207
206 215
206 497
206 205
206 214
207 498
207 208
207 497
207 215
207 206
207 216
208 498
208 503
208 217
208 499
208 207
208 216
503 500
503 504
503 499
503 217
503 208
503 507
504 500
504 505
504 508
504 501
504 503
504 507
505 502
505 506
505 501
505 508
505 504
505 509
506 494
506 502
506 505
506 510
506 509
951 921
951 1006
951 935
951 952
951 943
951 988
951 969
951 960
952 943
952 951
952 961
952 953
952 944
952 960
953 944
953 945
953 954
953 952
953 962
953 961
954 945
954 946
954 955
954 953
954 963
954 962
955 946
955 947
955 956
955 954
955 964
955 963
956 947
956 955
956 965
956 957
956 948
956 964
957 948
957 956
957 966
957 958
957 949
957 965
958 949
958 950
958 959
958 957
958 967
958 966
959 950
959 958
959 968
959 740
959 920
959 967
740 920
740 959
740 751
740 741
740 732
740 968
741 732
741 733
741 742
741 740
741 752
741 751
742 733
742 741
742 753
742 743
742 734
742 752
743 734
743 735
743 744
743 742
743 754
743 753
744 735
744 743
744 755
744 745
744 736
744 754
745 736
745 737
745 746
745 744
745 756
745 755
746 737
746 745
746 757
746 747
746 738
746 756
747 738
747 746
747 758
747 748
747 739
747 757
748 739
748 403
748 749
748 747
748 759
748 758
749 403
749 748
749 760
749 750
749 404
749 759
750 404
750 405
750 209
750 749
750 761
750 760
209 405
209 406
209 210
209 750
209 218
209 761
210 406
210 209
210 219
210 211
210 202
210 218
211 202
211 203
211 212
211 210
211 220
211 219
212 203
212 211
212 221
212 213
212 204
212 220
213 204
213 205
213 214
213 212
213 222
213 221
214 205
214 213
214 223
214 215
214 206
214 222
215 206
215 207
215 216
215 214
215 224
215 223
216 207
216 215
216 225
216 217
216 208
216 224
217 208
217 503
217 507
217 216
217 226
217 225
507 503
507 504
507 508
507 217
507 227
507 226
508 504
508 507
508 228
508 509
508 505
508 227
509 505
509 510
509 506
509 508
509 228
960 951
960 970
960 952
960 961
960 969
961 952
961 962
961 971
961 953
961 960
961 970
962 954
962 963
962 953
962 971
962 961
962 972
963 955
963 964
963 954
963 972
963 962
963 973
964 955
964 965
964 974
964 956
964 963
964 973
965 956
965 966
965 975
965 957
965 964
965 974
966 958
966 967
966 957
966 975
966 965
966 976
967 958
967 968
967 977
967 959
967 966
967 976
968 740
968 751
968 959
968 977
968 967
968 978
751 741
751 752
751 740
751 978
751 968
751 762
752 741
752 753
752 763
752 742
752 751
752 762
753 743
753 754
753 742
753 763
753 752
753 764
754 743
754 755
754 765
754 744
754 753
754 764
755 745
755 756
755 744
755 765
755 754
755 766
756 745
756 757
756 767
756 746
756 755
756 766
757 747
757 758
757 746
757 767
757 756
757 768
758 748
758 759
758 747
758 768
758 757
758 769
759 748
759 760
759 770
759 749
759 758
759 769
760 750
760 761
760 749
760 770
760 759
760 771
761 209
761 218
761 750
761 771
761 760
761 229
218 209
218 219
218 230
218 210
218 761
218 229
219 211
219 220
219 210
219 230
219 218
219 231
220 211
220 221
220 232
220 212
220 219
220 231
221 213
221 222
221 212
221 232
221 220
221 233
222 214
222 223
222 213
222 233
222 221
222 234
223 214
223 224
223 235
223 215
223 222
223 234
224 215
224 225
224 236
224 216
224 223
224 235
225 217
225 226
225 216
225 236
225 224
225 237
226 217
226 227
226 238
226 507
226 225
226 237
227 507
227 228
227 239
227 508
227 226
227 238
228 508
228 510
228 240
228 509
228 227
228 239
510 90
510 306
510 478
510 415
510 494
510 463
510 506
510 509
510 228
510 240
510 253
969 951
969 970
969 960
969 988
969 979
970 960
970 961
970 971
970 969
970 980
970 979
971 961
971 970
971 981
971 972
971 962
971 980
972 962
972 971
972 982
972 973
972 963
972 981
973 963
973 964
973 974
973 972
973 983
973 982
974 964
974 965
974 975
974 973
974 984
974 983
975 965
975 974
975 985
975 976
975 966
975 984
976 966
976 967
976 977
976 975
976 986
976 985
977 967
977 976
977 987
977 978
977 968
977 986
978 968
978 751
978 762
978 977
978 772
978 987
762 751
762 978
762 773
762 763
762 752
762 772
763 752
763 753
763 764
763 762
763 774
763 773
764 753
764 754
764 765
764 763
764 775
764 774
765 754
765 764
765 776
765 766
765 755
765 775
766 755
766 765
766 777
766 767
766 756
766 776
767 756
767 766
767 778
767 768
767 757
767 777
768 757
768 767
768 779
768 769
768 758
768 778
769 758
769 759
769 770
769 768
769 780
769 779
770 759
770 769
770 781
770 771
770 760
770 780
771 760
771 770
771 241
771 229
771 761
771 781
229 761
229 218
229 230
229 771
229 242
229 241
230 218
230 219
230 231
230 229
230 243
230 242
231 219
231 230
231 244
231 232
231 220
231 243
232 220
232 231
232 245
232 233
232 221
232 244
233 221
233 222
233 234
233 232
233 246
233 245
234 222
234 233
234 247
234 235
234 223
234 246
235 223
235 234
235 248
235 236
235 224
235 247
236 224
236 225
236 237
236 235
236 249
236 248
237 225
237 236
237 250
237 238
237 226
237 249
238 226
238 237
238 251
238 239
238 227
238 250
239 227
239 238
239 252
239 240
239 228
239 251
240 228
240 253
240 510
240 239
240 252
979 969
979 989
979 970
979 988
979 980
980 971
980 981
980 970
980 989
980 979
980 990
981 971
981 982
981 991
981 972
981 980
981 990
982 972
982 983
982 992
982 973
982 981
982 991
983 974
983 984
983 973
983 992
983 982
983 993
984 974
984 985
984 994
984 975
984 983
984 993
985 976
985 986
985 975
985 994
985 984
985 995
986 977
986 987
986 976
986 995
986 985
986 996
987 977
987 772
987 782
987 978
987 986
987 996
772 978
772 773
772 783
772 762
772 987
772 782
773 763
773 774
773 762
773 783
773 772
773 784
774 763
774 775
774 785
774 764
774 773
774 784
775 764
775 776
775 786
775 765
775 774
775 785
776 766
776 777
776 765
776 786
776 775
776 787
777 766
777 778
777 788
777 767
777 776
777 787
778 767
778 779
778 789
778 768
778 777
778 788
779 769
779 780
779 768
779 789
779 778
779 790
780 769
780 781
780 791
780 770
780 779
780 790
781 770
781 241
781 254
781 771
781 780
781 791
241 229
241 242
241 771
241 254
241 781
241 255
242 229
242 243
242 256
242 230
242 241
242 255
243 230
243 244
243 257
243 231
243 242
243 256
244 232
244 245
244 231
244 257
244 243
244 258
245 232
245 246
245 259
245 233
245 244
245 258
246 234
246 247
246 233
246 259
246 245
246 260
247 234
247 248
247 261
247 235
247 246
247 260
248 235
248 249
248 262
248 236
248 247
248 261
249 237
249 250
249 236
249 262
249 248
249 263
250 238
250 251
250 237
250 263
250 249
250 264
251 238
251 252
251 265
251 239
251 250
251 264
252 239
252 253
252 266
252 240
252 251
252 265
253 510
253 240
253 279
253 266
253 252
253 306
988 951
988 969
988 989
988 979
988 1006
988 997
989 979
989 980
989 990
989 988
989 998
989 997
990 980
990 981
990 991
990 989
990 999
990 998
991 981
991 990
991 1000
991 992
991 982
991 999
992 982
992 991
992 1001
992 993
992 983
992 1000
993 983
993 992
993 1002
993 994
993 984
993 1001
994 984
994 985
994 995
994 993
994 1003
994 1002
995 985
995 994
995 1004
995 996
995 986
995 1003
996 986
996 987
996 782
996 995
996 1005
996 1004
782 987
782 996
782 792
782 783
782 772
782 1005
783 772
783 782
783 793
783 784
783 773
783 792
784 773
784 783
784 794
784 785
784 774
784 793
785 774
785 784
785 795
785 786
785 775
785 794
786 775
786 785
786 796
786 787
786 776
786 795
787 776
787 777
787 788
787 786
787 797
787 796
788 777
788 787
788 798
788 789
788 778
788 797
789 778
789 779
789 790
789 788
789 799
789 798
790 779
790 789
790 800
790 791
790 780
790 799
791 780
791 781
791 254
791 790
791 801
791 800
254 781
254 791
254 267
254 255
254 241
254 801
255 241
255 242
255 256
255 254
255 268
255 267
256 242
256 255
256 269
256 257
256 243
256 268
257 243
257 244
257 258
257 256
257 270
257 269
258 244
258 257
258 271
258 259
258 245
258 270
259 245
259 258
259 272
259 260
259 246
259 271
260 246
260 247
260 261
260 259
260 273
260 272
261 247
261 248
261 262
261 260
261 274
261 273
262 248
262 261
262 275
262 263
262 249
262 274
263 249
263 250
263 264
263 262
263 276
263 275
264 250
264 263
264 277
264 265
264 251
264 276
265 251
265 252
265 266
265 264
265 278
265 277
266 252
266 279
266 253
266 265
266 278
997 988
997 1007
997 989
997 1006
997 998
998 990
998 999
998 989
998 1007
998 997
998 1008
999 990
999 1000
999 1009
999 991
999 998
999 1008
1000 991
1000 1001
1000 1010
1000 992
1000 999
1000 1009
1001 993
1001 1002
1001 992
1001 1010
1001 1000
1001 1011
1002 994
1002 1003
1002 993
1002 1011
1002 1001
1002 1012
1003 995
1003 1004
1003 994
1003 1012
1003 1002
1003 1013
1004 995
1004 1005
1004 1014
1004 996
1004 1003
1004 1013
1005 782
1005 792
1005 996
1005 1014
1005 1004
1005 802
792 783
792 793
792 782
792 802
792 1005
792 803
793 783
793 794
793 804
793 784
793 792
793 803
794 784
794 795
794 805
794 785
794 793
794 804
795 785
795 796
795 806
795 786
795 794
795 805
796 787
796 797
796 786
796 806
796 795
796 807
797 787
797 798
797 808
797 788
797 796
797 807
798 789
798 799
798 788
798 808
798 797
798 809
799 789
799 800
799 810
799 790
799 798
799 809
800 791
800 801
800 790
800 810
800 799
800 811
801 791
801 267
801 280
801 254
801 800
801 811
267 255
267 268
267 254
267 280
267 801
267 281
268 255
268 269
268 282
268 256
268 267
268 281
269 256
269 270
269 283
269 257
269 268
269 282
270 257
270 271
270 284
270 258
270 269
270 283
271 259
271 272
271 258
271 284
271 270
271 285
272 259
272 273
272 286
272 260
272 271
272 285
273 261
273 274
273 260
273 286
273 272
273 287
274 261
274 275
274 288
274 262
274 273
274 287
275 262
275 276
275 289
275 263
275 274
275 288
276 264
276 277
276 263
276 289
276 275
276 290
277 264
277 278
277 291
277 265
277 276
277 290
278 265
278 279
278 292
278 266
278 277
278 291
279 253
279 266
279 278
279 306
279 292
1006 951
1006 997
1006 1007
1006 988
1006 1015
1006 921
1007 997
1007 998
1007 1008
1007 1006
1007 1016
1007 1015
1008 998
1008 999
1008 1009
1008 1007
1008 1017
1008 1016
1009 999
1009 1008
1009 1018
1009 1010
1009 1000
1009 1017
1010 1000
1010 1001
1010 1011
1010 1009
1010 1019
1010 1018
1011 1001
1011 1002
1011 1012
1011 1010
1011 1020
1011 1019
1012 1002
1012 1011
1012 1021
1012 1013
1012 1003
1012 1020
1013 1003
1013 1004
1013 1014
1013 1012
1013 1022
1013 1021
1014 1004
1014 1013
1014 1023
1014 802
1014 1005
1014 1022
802 1005
802 1014
802 812
802 803
802 792
802 1023
803 792
803 793
803 804
803 802
803 813
803 812
804 793
804 803
804 814
804 805
804 794
804 813
805 794
805 804
805 815
805 806
805 795
805 814
806 795
806 796
806 807
806 805
806 816
806 815
807 796
807 797
807 808
807 806
807 817
807 816
808 797
808 798
808 809
808 807
808 818
808 817
809 798
809 799
809 810
809 808
809 819
809 818
810 799
810 809
810 820
810 811
810 800
810 819
811 800
811 810
811 293
811 280
811 801
811 820
280 801
280 267
280 281
280 811
280 294
280 293
281 267
281 280
281 295
281 282
281 268
281 294
282 268
282 281
282 296
282 283
282 269
282 295
283 269
283 282
283 297
283 284
283 270
283 296
284 270
284 271
284 285
284 283
284 298
284 297
285 271
285 272
285 286
285 284
285 299
285 298
286 272
286 285
286 300
286 287
286 273
286 299
287 273
287 274
287 288
287 286
287 301
287 300
288 274
288 275
288 289
288 287
288 302
288 301
289 275
289 288
289 303
289 290
289 276
289 302
290 276
290 277
290 291
290 289
290 304
290 303
291 277
291 290
291 305
291 292
291 278
291 304
292 278
292 306
292 279
292 291
292 305
1015 1006
1015 1007
1015 1016
1016 1007
1016 1008
1016 1015
1016 1018
1016 1017
1017 1008
1017 1009
1017 1016
1017 1018
1018 1009
1018 1019
1018 1016
1018 815
1018 1010
1018 1017
1018 300
1018 812
1018 1023
1019 1010
1019 1020
1019 1018
1019 1023
1019 1021
1019 1011
1020 1011
1020 1012
1020 1019
1020 1021
1021 1012
1021 1022
1021 1019
1021 1020
1021 1023
1021 1013
1022 1013
1022 1014
1022 1021
1022 1023
1023 1014
1023 812
1023 1021
1023 802
1023 1018
1023 1019
1023 1022
812 803
812 1018
812 1023
812 813
812 802
812 815
813 803
813 804
813 812
813 815
813 814
814 804
814 805
814 813
814 815
815 805
815 816
815 813
815 806
815 1018
815 300
815 812
815 814
815 820
815 818
816 806
816 807
816 815
816 818
816 817
817 807
817 808
817 816
817 818
818 808
818 819
818 816
818 809
818 820
818 817
818 815
819 809
819 810
819 818
819 820
820 810
820 293
820 818
820 811
820 819
820 815
820 300
820 295
293 811
293 280
293 820
293 295
293 294
294 280
294 281
294 293
294 295
295 281
295 296
295 293
295 282
295 294
295 820
295 300
295 298
296 282
296 283
296 295
296 298
296 297
297 283
297 284
297 296
297 298
298 284
298 299
298 296
298 285
298 300
298 297
298 295
299 285
299 286
299 298
299 300
300 286
300 301
300 1018
300 287
300 302
300 815
300 298
300 820
300 295
300 306
300 299
301 287
301 288
301 300
301 302
302 288
302 303
302 300
302 289
302 304
302 301
302 306
303 289
303 290
303 302
303 304
304 302
304 291
304 306
304 303
304 305
304 290
305 291
305 292
305 304
305 306
306 510
306 292
306 253
306 279
306 300
306 302
306 304
306 305
