0 -0.014059 2.18347 
1 -0.029625 2.53895 
2 -0.021484 2.87594 
3 0.024267 3.17458 
4 0.020684 3.43624 1000
5 0.037092 3.80924 
6 -0.00983 4.10041 
7 0.004247 4.4078 
8 -0.011565 4.69997 
9 -0.017727 5.01987 
10 0.045801 5.40217 
11 0.009371 5.6578 
12 0.30186 2.35289 
13 0.272139 2.65147 
14 0.341513 2.97701 
15 0.301688 3.32888 
16 0.317179 3.61446 
17 0.319839 3.94216 
18 0.340331 4.24533 
19 0.343497 4.58521 
20 0.290727 4.90584 
21 0.279205 5.22122 
22 0.305893 5.52451 
23 0.642517 2.51281 
24 0.589364 2.88815 1000
25 0.642239 3.1993 
26 0.630773 3.46378 
27 0.6531 3.75404 
28 0.6736 4.08287 
29 0.624323 4.41223 
30 0.589567 4.78268 
31 0.652094 5.07832 
32 0.628812 5.4156 
33 0.975189 2.67706 
34 0.946242 3.01742 
35 0.90995 3.2793 
36 0.960394 3.62946 
37 0.981725 3.93642 
38 0.973178 4.22975 
39 0.949058 4.55225 
40 0.963767 4.92723 
41 0.970392 5.2214 
42 1.25242 2.84016 
43 1.2203 3.14706 
44 1.26906 3.439 
45 1.27198 3.81468 
46 1.29456 4.13479 
47 1.24254 4.40573 
48 1.22153 4.74983 
49 1.25918 5.1018 
50 1.62046 3.04697 
51 1.59165 3.30847 
52 1.62386 3.68332 
53 1.60276 3.93103 
54 1.5958 4.24616 
55 1.59492 4.63173 
56 1.5346 4.87167 
57 1.88244 2.87771 
58 1.91302 3.20501 
59 1.85997 3.43938 
60 1.87155 3.75922 
61 1.86142 4.15147 
62 1.86844 4.45552 
63 1.87218 4.77216 
64 2.21967 2.99301 
65 2.24565 3.32695 
66 2.19451 3.6182 
67 2.17995 3.9815 
68 2.18641 4.2217 
69 2.22899 4.59429 
70 2.21372 4.90336 
71 2.4869 2.88879 
72 2.57674 3.14775 
73 2.54656 3.43412 
74 2.54379 3.75936 
75 2.55666 4.10585 
76 2.57407 4.41358 
77 2.48721 4.78504 
78 2.82416 3.03355 
79 2.84329 3.33982 
80 2.8099 3.65394 
81 2.83503 3.94715 
82 2.8389 4.24249 
83 2.88102 4.58979 
84 3.17014 3.12544 
85 3.16416 3.51816 
86 3.12288 3.82134 
87 3.14045 4.0669 
88 3.20446 4.40865 
89 3.51249 3.33798 
90 3.49923 3.67838 
91 3.49923 3.99382 
92 3.52336 4.31446 
93 3.76872 3.83079 
94 3.81445 4.14753 
95 -0.030535 -0.006184 
96 -0.000512 0.348217 
97 0.004617 0.628202 
98 0.002187 0.911807 
99 -0.003462 1.24775 
100 0.04442 1.57201 
101 -0.014976 1.90942 
102 0.31227 0.147859 
103 0.277746 0.500777 
104 0.361602 0.785238 
105 0.320228 1.14132 
106 0.284441 1.45866 
107 0.357169 1.76791 
108 0.305212 2.01636 
109 0.593631 -0.01247 
110 0.609443 0.347362 
111 0.626261 0.638958 
112 0.604764 0.920364 
113 0.614004 1.29238 
114 0.638979 1.58567 
115 0.667471 1.92385 
116 0.639744 2.17425 
117 0.968001 0.128684 
118 0.948557 0.50966 
119 0.913293 0.791151 
120 0.919769 1.12191 
121 0.986282 1.39088 
122 0.969275 1.72871 
123 0.967465 2.04661 
124 0.905714 2.3322 
125 1.30629 0.042891 
126 1.23681 0.330426 
127 1.26032 0.629256 
128 1.22763 0.908691 
129 1.25112 1.22736 
130 1.27091 1.61152 
131 1.29348 1.86959 
132 1.24343 2.2464 
133 1.27759 2.49083 
134 1.57937 0.113291 
135 1.62114 0.488657 
136 1.60654 0.828335 
137 1.57714 1.12494 
138 1.53928 1.42666 
139 1.60079 1.74681 
140 1.6114 2.03845 
141 1.55116 2.3882 
142 1.58217 2.66001 
143 1.88317 -0.046972 
144 1.93985 0.26894 
145 1.85273 0.595073 
146 1.88616 0.981043 
147 1.89157 1.22226 
148 1.91186 1.58012 
149 1.89739 1.94216 
150 1.85567 2.16752 
151 1.86687 2.48936 
152 2.17524 0.16921 
153 2.18778 0.49237 
154 2.24369 0.77361 
155 2.23428 1.11822 
156 2.22016 1.42255 
157 2.20836 1.78486 
158 2.18256 2.01974 
159 2.18954 2.33069 
160 2.21309 2.67761 
161 2.48593 -0.002157 
162 2.54978 0.28244 
163 2.57028 0.67956 
164 2.50014 0.903632 
165 2.51926 1.28814 
166 2.48534 1.6271 
167 2.55743 1.91526 
168 2.51823 2.25602 
169 2.57506 2.52836 
170 2.80598 0.169347 
171 2.88322 0.509511 
172 2.81012 0.836485 
173 2.84689 1.12008 
174 2.80704 1.43946 
175 2.87087 1.72145 
176 2.87249 2.08894 
177 2.8483 2.3761 
178 2.88664 2.72174 
179 3.19355 0.001144 
180 3.12291 0.278385 
181 3.13064 0.621335 
182 3.17522 0.954379 
183 3.14025 1.22826 
184 3.18189 1.55077 
185 3.17695 1.90388 
186 3.1223 2.22331 
187 3.18134 2.551 
188 3.5186 1.13443 
189 3.51436 1.4586 
190 3.48477 1.78513 
191 3.52093 2.02287 
192 3.17367 2.87573 
193 3.49349 0.161564 
194 3.46084 0.451495 
195 3.5167 0.791946 
196 3.44083 2.39221 
197 3.45205 2.72937 
198 3.50069 3.04923 
199 3.7881 -0.038587 
200 3.78431 0.345251 
201 3.75834 0.586628 
202 3.76508 0.947229 
203 3.80321 1.24113 
204 3.80883 1.55933 
205 3.82061 1.8552 
206 3.7529 2.19229 
207 3.77736 2.52109 
208 3.8285 2.87764 
209 3.81181 3.1823 
210 3.76264 3.52468 
211 4.07798 0.143444 
212 4.07268 0.480445 
213 4.13032 0.758307 
214 4.14741 1.08576 
215 4.15796 1.41582 
216 4.12198 1.71595 
217 4.09153 2.01616 
218 4.13203 2.36502 
219 4.10724 2.71681 
220 4.07004 3.01043 
221 4.13779 3.33048 
222 4.09028 3.65016 
223 4.1417 3.97033 
224 4.39239 0.033596 
225 4.47217 0.358664 
226 4.44181 0.667527 
227 4.47079 0.9622 
228 4.41921 1.25952 
229 4.44747 1.61711 
230 4.46755 1.90142 
231 4.39488 2.2537 
232 4.39922 2.49472 
233 4.3988 2.8869 
234 4.40856 3.18332 
235 4.4628 3.43442 
236 4.43776 3.80424 
237 4.41411 4.0983 
238 4.75579 0.118873 
239 4.75849 0.490914 
240 4.7118 0.783227 
241 4.70099 1.1379 
242 4.71294 1.43598 
243 4.77939 1.74418 
244 4.71172 2.06052 
245 4.76994 2.35671 
246 4.74683 2.65935 
247 4.69909 2.97005 
248 4.74431 3.34191 
249 4.78428 3.67567 
250 4.71599 3.95634 
251 4.73357 4.31556 
252 5.07326 0.678464 
253 5.09028 0.910411 
254 5.08509 1.26009 
255 5.0638 1.55458 
256 5.10607 1.86165 
257 5.05685 2.18489 
258 5.073 2.57434 
259 5.0959 2.80699 
260 5.01316 3.20644 
261 5.08261 3.43426 
262 5.10187 3.83612 
263 5.08575 4.0799 
264 5.05989 4.47236 
265 5.36167 1.42383 
266 5.35608 1.70224 
267 5.38443 2.06864 
268 5.37442 2.37688 
269 5.40467 2.65908 
270 5.41416 3.02448 
271 5.34787 3.27795 
272 5.33611 3.65286 
273 5.38533 3.911 
274 5.332 4.24121 
275 5.38041 4.62015 
276 5.72457 1.87419 
277 5.70775 3.15627 
278 5.71174 3.45932 
279 5.70562 3.75386 
280 5.7228 4.11177 
281 5.66242 4.43795 
282 5.72659 4.70707 
283 6.02169 3.31957 
284 6.01044 3.66255 
285 6.01292 3.99194 
286 6.02755 4.24009 
287 5.99532 4.60813 
288 6.05127 4.91711 
289 5.02801 -0.043065 
290 5.07178 0.322176 
291 5.39003 0.133075 
292 5.41312 0.49296 
293 5.34633 0.743779 
294 5.41144 1.10709 
295 5.64825 0.007609 
296 5.70721 0.301095 1000
297 5.6678 0.677829 
298 5.7028 0.903384 
299 5.67852 1.27732 
300 5.65939 1.62032 
301 5.97756 0.171645 
302 5.96391 0.498047 
303 5.96678 0.745613 
304 6.03475 1.13361 
305 6.03452 1.41335 
306 5.9819 1.69639 
307 6.34132 -0.029184 
308 6.3312 0.279526 
309 6.37125 0.667879 
310 6.35921 0.914869 
311 6.34567 1.24533 
312 6.33309 1.53727 
313 6.61168 0.124635 
314 6.66889 0.476754 
315 6.60204 0.826325 
316 6.66941 1.14616 
317 6.6432 1.44368 
318 6.99894 0.01201 
319 6.96569 0.349652 
320 6.96016 0.617013 
321 6.97795 0.932831 
322 6.94772 1.29003 
323 6.95993 1.55747 
324 7.22996 0.183194 
325 7.2271 0.510456 
326 7.27992 0.754004 
327 7.27279 1.06085 
328 7.25031 1.42215 
329 7.2348 1.73791 
330 7.58141 0.042401 
331 7.57569 0.305619 
332 7.56015 0.647676 
333 7.55142 0.945596 
334 7.58048 1.27746 
335 7.55329 1.55154 
336 7.58509 1.85621 
337 7.88444 0.141055 
338 7.8702 0.470019 
339 7.91746 0.757065 
340 7.89216 1.06437 
341 7.94745 1.42895 
342 7.94069 1.70136 
343 8.23348 0.03132 
344 8.22256 0.325566 
345 8.25245 0.650109 
346 8.20479 0.958822 
347 8.20907 1.25484 
348 8.22427 1.59754 
349 8.26899 1.86102 
350 8.56798 0.129585 
351 8.50178 0.432871 
352 8.56116 0.82345 
353 8.58275 1.13147 
354 8.51671 1.43711 
355 8.50951 1.7094 
356 8.52673 2.01764 
357 8.853 0.028602 
358 8.89046 0.276281 
359 8.80731 0.635757 
360 8.81463 0.992874 
361 8.90024 1.29818 
362 8.81028 1.56454 
363 8.88369 1.85663 
364 8.82048 2.20534 
365 9.14086 0.136721 
366 9.12383 0.489383 
367 9.17324 0.806797 
368 9.2078 1.1532 1000
369 9.1783 1.43514 
370 9.13869 1.69502 
371 9.13363 2.08976 
372 9.20854 2.33107 
373 9.46508 0.032221 
374 9.43979 0.275901 
375 9.51755 0.639403 
376 9.5083 0.992694 
377 9.4453 1.2577 
378 9.47512 1.54664 
379 9.47826 1.93794 
380 9.47734 2.18963 
381 9.51313 2.56195 
382 5.68484 2.24896 
383 5.70527 2.49525 
384 5.73413 2.80912 
385 6.03956 2.01363 
386 6.04137 2.37097 
387 6.0032 2.67293 
388 6.03909 3.04209 
389 6.34902 1.93541 
390 6.27905 2.1961 
391 6.3037 2.54648 
392 6.34445 2.87611 
393 6.36374 3.16543 
394 6.35842 3.46567 
395 6.36383 3.83122 
396 6.29216 4.11037 
397 6.6759 1.70407 
398 6.64839 2.01103 
399 6.63067 2.35385 
400 6.64278 2.6733 
401 6.62694 3.00841 
402 6.61916 3.35289 
403 6.65041 3.62992 
404 6.67279 3.94389 
405 6.60063 4.26682 
406 6.95603 1.93675 
407 6.95801 2.16716 
408 6.91216 2.49211 
409 6.96847 2.82683 
410 6.997 3.14642 
411 6.9737 3.5192 
412 7.00142 3.82711 
413 6.9449 4.1532 
414 6.93746 4.40272 
415 7.31643 2.09804 
416 7.25296 2.32489 
417 7.31524 2.70434 
418 7.23175 3.00792 
419 7.32052 3.28359 
420 7.26349 3.64236 
421 7.32034 3.95044 
422 7.26686 4.284 
423 7.3126 4.57245 
424 7.61712 2.25636 
425 7.63685 2.51647 
426 7.63375 2.83546 
427 7.57795 3.13777 
428 7.57505 3.44184 
429 7.5808 3.78511 
430 7.58491 4.07547 
431 7.61803 4.46769 
432 7.61195 4.74621 
433 7.91329 2.07213 
434 7.9502 2.3591 
435 7.90911 2.71915 
436 7.86858 2.9884 
437 7.8608 3.33145 
438 7.95267 3.6571 
439 7.88311 3.9298 
440 7.86004 4.29138 
441 7.8648 4.60771 
442 8.18098 2.23661 
443 8.21768 2.54663 
444 8.19391 2.81483 
445 8.19508 3.11918 
446 8.19464 3.50292 
447 8.19899 3.83906 
448 8.20393 4.07049 
449 8.21607 4.47283 
450 8.20664 4.73787 
451 8.53835 2.41647 
452 8.52888 2.65406 
453 8.49335 2.97842 
454 8.49163 3.27932 
455 8.54792 3.61009 
456 8.50178 3.95916 
457 8.57359 4.28283 
458 8.5636 4.61629 
459 8.85979 2.54781 
460 8.81603 2.82302 
461 8.84788 3.20793 
462 8.82322 3.47232 
463 8.8809 3.80782 
464 8.82478 4.12538 
465 8.86296 4.47342 
466 8.8181 4.74679 
467 9.18766 2.72249 
468 9.20188 3.01132 
469 9.20483 3.2983 
470 9.21759 3.62526 
471 9.20408 3.96764 
472 9.21362 4.25409 
473 9.21533 4.5442 
474 9.52717 2.82503 
475 9.51384 3.13031 
476 9.47448 3.47784 
477 9.50063 3.81947 
478 9.44608 4.14998 
479 9.45241 4.40369 
480 5.41063 8.05368 
481 5.34822 8.3836 
482 5.41178 8.72996 
483 5.41668 8.97519 
484 5.36396 9.30823 
485 5.34091 9.64126 
486 5.66897 7.91078 
487 5.67998 8.20054 
488 5.73714 8.57235 
489 5.70439 8.80742 
490 5.71971 9.15654 
491 5.72994 9.47239 
492 6.028 7.72568 
493 6.04487 8.04858 
494 6.02 8.35994 
495 6.00322 8.68225 
496 6.03794 9.04976 
497 5.98638 9.3551 
498 6.05025 9.64879 
499 6.35788 7.5743 
500 6.28878 7.95056 
501 6.36589 8.19304 
502 6.33246 8.52839 
503 6.31187 8.88854 
504 6.31385 9.13781 
505 6.33745 9.47676 
506 6.63644 7.41051 
507 6.63227 7.76552 
508 6.61947 8.08275 
509 6.64651 8.36251 
510 6.63136 8.66861 
511 6.67776 8.99849 
512 6.60812 9.30482 
513 6.65003 9.59778 
514 6.96835 7.55889 
515 6.94461 7.87959 
516 6.92257 8.269 
517 6.97893 8.53921 
518 6.9109 8.86773 
519 6.91583 9.17067 
520 6.97335 9.48972 
521 7.28578 7.72657 
522 7.26279 8.05182 
523 7.23287 8.38873 1000
524 7.27377 8.6991 
525 7.30179 8.96635 
526 7.31977 9.32584 
527 7.26296 9.66011 
528 7.61757 7.60625 
529 7.55179 7.92384 
530 7.58551 8.20233 
531 7.62155 8.54208 
532 7.63668 8.8257 
533 7.55338 9.15347 
534 7.62225 9.49304 
535 7.86134 7.42276 
536 7.8754 7.72376 
537 7.91343 8.04681 
538 7.87151 8.37486 
539 7.8783 8.69964 
540 7.93041 9.02631 
541 7.87449 9.36533 
542 7.85942 9.63958 
543 8.22584 7.5977 
544 8.22975 7.91107 
545 8.22451 8.1767 
546 8.22059 8.53282 
547 8.25069 8.82156 
548 8.26837 9.12882 
549 8.22208 9.47002 
550 8.55139 7.79081 
551 8.50153 8.07191 
552 8.52984 8.38718 
553 8.5577 8.6523 
554 8.51488 8.97853 
555 8.52201 9.28941 
556 8.52489 9.63923 
557 8.80923 7.87342 
558 8.88575 8.26732 
559 8.83587 8.54426 
560 8.8736 8.86455 
561 8.82523 9.21358 
562 8.81391 9.50134 
563 9.1617 8.08807 
564 9.1439 8.36918 
565 9.18267 8.73672 
566 9.17201 9.02408 
567 9.19847 9.35523 
568 9.17708 9.67999 
569 9.50502 7.8848 
570 9.46842 8.18166 
571 9.45066 8.52064 
572 9.48897 8.87655 
573 9.48973 9.16681 
574 9.4654 9.46477 
575 6.33178 4.3917 
576 6.34195 4.76024 
577 6.35306 5.09842 
578 6.36731 5.33419 
579 6.35448 5.71381 
580 6.37115 5.98408 
581 6.33071 6.33347 
582 6.65716 4.61534 
583 6.65032 4.91964 
584 6.66439 5.18658 
585 6.63613 5.5269 
586 6.6016 5.87458 
587 6.67639 6.14842 
588 6.61313 6.51895 
589 6.64475 6.79515 
590 6.63666 7.09555 
591 6.91873 4.70875 
592 6.93597 5.04209 
593 6.93902 5.39599 
594 6.93571 5.65128 
595 6.9475 5.97506 
596 7.00271 6.28198 
597 6.96163 6.65396 
598 6.98053 6.97532 
599 6.97759 7.25444 
600 7.25729 4.90214 
601 7.28137 5.19558 
602 7.25288 5.49496 
603 7.31542 5.82184 
604 7.25516 6.1864 
605 7.23683 6.43648 
606 7.23227 6.81825 
607 7.27473 7.08511 
608 7.29856 7.447 
609 7.62412 5.02419 
610 7.6344 5.35429 
611 7.55826 5.71372 
612 7.62073 5.96835 
613 7.60117 6.34779 
614 7.63448 6.6444 
615 7.62231 6.93329 
616 7.62464 7.31388 
617 7.87865 4.88564 
618 7.88865 5.26098 
619 7.89441 5.5211 
620 7.92631 5.88675 
621 7.88878 6.17484 
622 7.86807 6.43839 
623 7.86135 6.81928 
624 7.89669 7.12292 
625 8.22632 5.02808 
626 8.25373 5.41164 
627 8.24292 5.65624 
628 8.18517 5.99865 
629 8.17518 6.34793 
630 8.19538 6.65712 
631 8.23654 6.98114 
632 8.25099 7.23831 
633 8.5555 4.85757 
634 8.49213 5.19428 
635 8.55625 5.57898 
636 8.49796 5.84328 
637 8.52917 6.20068 
638 8.54228 6.51533 1000
639 8.54199 6.75684 
640 8.51021 7.10063 
641 8.56562 7.41317 
642 8.81648 5.03864 
643 8.87135 5.40164 
644 8.89273 5.69656 
645 8.8284 6.00608 
646 8.86028 6.36628 
647 8.86377 6.68331 
648 8.83674 6.96604 
649 8.82478 7.27274 
650 8.86959 7.62051 
651 9.17671 4.86306 
652 9.2114 5.18515 
653 9.19904 5.5638 
654 9.16659 5.82616 
655 9.18488 6.12211 
656 9.18084 6.4752 
657 9.19605 6.79152 
658 9.1872 7.15597 
659 9.20273 7.43288 
660 9.12693 7.78724 
661 9.50873 4.70822 
662 9.49613 5.04542 
663 9.49969 5.34344 
664 9.4563 5.7386 
665 9.47624 6.01749 
666 9.48824 6.33796 
667 9.46791 6.60636 
668 9.48591 6.97777 
669 9.50183 7.23229 
670 9.49212 7.5888 
671 2.87451 4.91389 
672 2.81914 5.23224 
673 2.87759 5.53536 
674 2.86978 5.83804 
675 3.17226 4.75685 
676 3.15366 5.04582 
677 3.14991 5.36184 
678 3.1614 5.68975 
679 3.16597 5.96157 
680 3.5215 4.57153 
681 3.49781 4.88129 
682 3.52079 5.20179 
683 3.51758 5.50026 
684 3.5062 5.85154 
685 3.46485 6.15648 
686 3.7576 4.40528 
687 3.80137 4.76478 
688 3.80257 5.08519 
689 3.83977 5.40832 
690 3.84031 5.67995 
691 3.8076 6.03368 
692 3.83304 6.29443 
693 3.79514 6.66174 
694 3.83969 6.99307 
695 3.8148 7.25939 
696 4.09958 4.25783 
697 4.12274 4.58156 
698 4.08011 4.94384 
699 4.13864 5.19346 
700 4.08351 5.50038 
701 4.06945 5.86525 
702 4.10118 6.16236 
703 4.13196 6.44325 
704 4.06402 6.78481 
705 4.14605 7.14964 
706 4.08614 7.44885 
707 4.41662 4.45667 
708 4.44041 4.70908 
709 4.38933 5.04289 
710 4.46132 5.41664 -9000
711 4.45831 5.71252 
712 4.4018 5.99044 
713 4.46827 6.34484 
714 4.41752 6.61029 
715 4.39643 6.94959 
716 4.38866 7.26011 
717 4.40145 7.59674 
718 4.75467 4.53841 
719 4.70716 4.87291 
720 4.77446 5.18047 
721 4.74151 5.54059 
722 4.71453 5.89553 
723 4.78203 6.19294 
724 4.72181 6.47733 
725 4.78402 6.77405 
726 4.76942 7.09685 
727 4.71235 7.44668 
728 5.01449 4.75023 
729 5.01344 5.01543 
730 5.06515 5.35557 
731 5.03668 5.71722 
732 5.09042 6.01381 
733 5.03916 6.3702 
734 5.07462 6.67022 
735 5.08249 6.92722 
736 5.09031 7.27049 
737 5.02655 7.57357 
738 5.34924 4.90402 
739 5.34179 5.25628 
740 5.41158 5.5796 
741 5.33389 5.84291 
742 5.38228 6.16861 
743 5.34745 6.45806 
744 5.36983 6.79615 
745 5.34861 7.13595 
746 5.39943 7.4726 
747 5.3845 7.71406 
748 5.69686 5.04273 
749 5.64783 5.40527 
750 5.73014 5.6634 
751 5.72042 5.98029 
752 5.71004 6.34683 
753 5.72274 6.62728 
754 5.65396 6.96857 
755 5.71049 7.25326 
756 5.70603 7.5753 
757 5.99544 5.20936 1000
758 6.04095 5.5479 
759 5.98449 5.89151 
760 6.02101 6.13875 
761 5.96699 6.457 1000
762 5.96222 6.75496 
763 6.03322 7.13269 
764 6.05185 7.44493 
765 6.36392 6.65213 
766 6.36566 6.98023 
767 6.29452 7.25781 
768 -0.038127 5.96953 
769 0.04138 6.33374 
770 -0.034171 6.61894 
771 0.015566 6.98885 
772 -0.046065 7.25273 
773 -0.002534 7.59796 
774 -0.038953 7.87556 
775 0.334284 5.89361 
776 0.352713 6.14795 
777 0.317342 6.47885 
778 0.288803 6.83258 
779 0.270883 7.1279 
780 0.332093 7.46064 
781 0.357292 7.75512 
782 0.329233 8.04358 
783 0.634965 5.69986 
784 0.678718 5.98502 
785 0.614144 6.3116 
786 0.621713 6.67104 
787 0.612107 6.95392 
788 0.646516 7.23965 
789 0.619519 7.58072 
790 0.66503 7.92101 
791 0.603363 8.1852 
792 0.932158 5.55617 
793 0.917294 5.80368 
794 0.939782 6.13154 
795 0.903585 6.46659 
796 0.919042 6.77698 
797 0.904939 7.12067 
798 0.903493 7.4013 
799 0.96551 7.76583 
800 0.931994 8.07291 
801 0.90756 8.39705 
802 1.29805 5.40764 
803 1.2904 5.71483 
804 1.30794 5.99001 
805 1.2856 6.31931 
806 1.22239 6.59912 
807 1.27849 6.96641 
808 1.25781 7.25161 
809 1.25063 7.62492 
810 1.26722 7.85979 
811 1.27657 8.1963 
812 1.57226 5.18083 
813 1.62361 5.49766 
814 1.62183 5.83588 
815 1.57412 6.13206 
816 1.54993 6.48647 
817 1.59744 6.77824 
818 1.56058 7.15942 
819 1.60721 7.38645 
820 1.53913 7.79246 
821 1.58047 8.05185 
822 1.87159 5.08346 
823 1.89632 5.4099 
824 1.92673 5.64646 
825 1.86095 6.03561 
826 1.92776 6.32391 
827 1.87062 6.68711 
828 1.94377 6.96655 
829 1.92557 7.25868 
830 1.9152 7.63215 
831 1.89421 7.90528 
832 2.20188 5.23151 
833 2.16905 5.55458 
834 2.25046 5.89021 
835 2.24347 6.14944 
836 2.20084 6.51171 
837 2.20042 6.78516 
838 2.22298 7.10662 
839 2.20035 7.38392 
840 2.19936 7.75561 
841 2.53215 5.04844 
842 2.51654 5.41723 
843 2.55742 5.72936 
844 2.49049 5.98933 
845 2.51488 6.31152 
846 2.53893 6.61038 
847 2.49989 6.92557 
848 2.52951 7.31185 
849 2.54993 7.58309 
850 2.52998 7.94768 
851 2.82832 6.178 
852 2.86717 6.50981 
853 2.83989 6.84476 
854 2.80414 7.12805 
855 2.85075 7.39759 
856 2.83932 7.79253 
857 3.20221 6.32887 
858 3.20851 6.62182 
859 3.11612 6.91273 
860 3.2048 7.23253 
861 3.12146 7.60152 
862 3.47965 6.49497 
863 3.49904 6.75948 
864 3.44187 7.07804 
865 3.43773 7.41557 
866 -0.041334 8.23556 
867 -0.005531 8.5045 
868 0.001416 8.86676 
869 0.007772 9.1233 
870 -0.023729 9.50607 
871 0.356717 8.36934 
872 0.326375 8.70197 
873 0.281292 9.00346 
874 0.331374 9.37012 
875 0.294316 9.62228 
876 0.660453 8.52095 
877 0.647548 8.82146 
878 0.665871 9.17829 
879 0.649804 9.47899 
880 0.967032 8.64898 
881 0.951931 9.00076 
882 0.920276 9.33956 
883 0.910275 9.65347 
884 1.27347 8.54095 
885 1.21978 8.83592 
886 1.21814 9.20259 
887 1.27469 9.45337 
888 1.60879 8.36835 
889 1.62249 8.72715 
890 1.62176 9.03728 
891 1.55912 9.37231 
892 1.56157 9.63337 
893 1.87754 8.23929 
894 1.85699 8.49329 
895 1.93689 8.8869 
896 1.87627 9.21297 
897 1.91719 9.47405 
898 2.25584 8.09386 
899 2.213 8.35072 
900 2.23029 8.73335 
901 2.22269 8.97175 
902 2.2275 9.28916 
903 2.24942 9.67005 
904 2.56365 8.21676 
905 2.52287 8.51801 
906 2.50197 8.87435 
907 2.50678 9.17185 
908 2.505 9.48757 
909 2.8457 8.01839 
910 2.87709 8.33369 
911 2.79969 8.67155 
912 2.83628 9.04441 
913 2.84921 9.30158 
914 2.8118 9.63877 
915 3.16958 7.88668 
916 3.13706 8.2189 
917 3.1969 8.54712 
918 3.12042 8.8371 
919 3.1202 9.1783 
920 3.14034 9.45574 
921 3.51033 7.75174 
922 3.46448 8.04786 
923 3.43426 8.34214 
924 3.44315 8.69822 
925 3.45897 9.02753 
926 3.47663 9.34488 
927 3.47582 9.62467 
928 3.79041 7.58908 
929 3.83826 7.90104 
930 3.7611 8.19892 
931 3.79438 8.49692 
932 3.74907 8.90119 
933 3.8284 9.12399 
934 3.83937 9.47177 
935 4.10942 7.70887 
936 4.14362 8.02692 1000
937 4.14642 8.35986 
938 4.15553 8.74275 
939 4.09856 9.04017 
940 4.10239 9.36315 
941 4.06482 9.65639 
942 4.46397 7.86153 
943 4.42959 8.22738 
944 4.41855 8.54895 
945 4.4172 8.83186 
946 4.46436 9.19119 
947 4.41419 9.53422 
948 4.76069 7.71563 
949 4.70726 8.06325 
950 4.73982 8.378 
951 4.73492 8.69896 
952 4.74286 8.9919 
953 4.70179 9.30722 
954 4.71577 9.61678 
955 5.08481 7.88762 
956 5.04848 8.25969 
957 5.02405 8.51191 
958 5.07905 8.81444 
959 5.06541 9.16144 
960 5.03463 9.52805 
#
0 101 
101 0
0 108 
108 0
0 12 
12 0
0 1 
1 0
1 768 
768 1
1 772 
772 1
1 95 
95 1
1 101 
101 1
1 12 
12 1
1 13 
13 1
1 2 
2 1
1 6 
6 1
1 9 
9 1
2 13 
13 2
2 14 
14 2
2 3 
3 2
2 4 
4 2
2 6 
6 2
3 4 
4 3
3 14 
14 3
3 15 
15 3
4 6 
6 4
4 15 
15 4
4 16 
16 4
4 5 
5 4
5 6 
6 5
5 16 
16 5
5 17 
17 5
6 8 
8 6
6 9 
9 6
6 17 
17 6
6 18 
18 6
6 7 
7 6
7 8 
8 7
7 18 
18 7
7 19 
19 7
8 19 
19 8
8 20 
20 8
8 9 
9 8
9 20 
20 9
9 21 
21 9
9 10 
10 9
9 11 
11 9
9 768 
768 9
10 11 
11 10
10 21 
21 10
10 22 
22 10
11 22 
22 11
11 775 
775 11
11 768 
768 11
12 108 
108 12
12 116 
116 12
12 23 
23 12
12 13 
13 12
13 23 
23 13
13 24 
24 13
13 14 
14 13
14 15 
15 14
14 24 
24 14
14 25 
25 14
15 25 
25 15
15 26 
26 15
15 16 
16 15
16 26 
26 16
16 27 
27 16
16 17 
17 16
17 27 
27 17
17 28 
28 17
17 18 
18 17
18 19 
19 18
18 28 
28 18
18 29 
29 18
19 20 
20 19
19 29 
29 19
19 30 
30 19
20 21 
21 20
20 30 
30 20
20 31 
31 20
21 31 
31 21
21 32 
32 21
21 22 
22 21
22 32 
32 22
22 783 
783 22
22 775 
775 22
23 24 
24 23
23 116 
116 23
23 124 
124 23
23 33 
33 23
24 33 
33 24
24 34 
34 24
24 25 
25 24
25 26 
26 25
25 34 
34 25
25 35 
35 25
26 35 
35 26
26 36 
36 26
26 27 
27 26
27 36 
36 27
27 37 
37 27
27 28 
28 27
28 29 
29 28
28 37 
37 28
28 38 
38 28
29 30 
30 29
29 38 
38 29
29 39 
39 29
30 39 
39 30
30 40 
40 30
30 31 
31 30
31 32 
32 31
31 40 
40 31
31 41 
41 31
32 41 
41 32
32 792 
792 32
32 783 
783 32
33 124 
124 33
33 133 
133 33
33 42 
42 33
33 34 
34 33
34 35 
35 34
34 42 
42 34
34 43 
43 34
35 43 
43 35
35 44 
44 35
35 36 
36 35
36 44 
44 36
36 45 
45 36
36 37 
37 36
37 45 
45 37
37 46 
46 37
37 38 
38 37
38 39 
39 38
38 46 
46 38
38 47 
47 38
39 47 
47 39
39 48 
48 39
39 40 
40 39
40 48 
48 40
40 49 
49 40
40 41 
41 40
41 792 
792 41
41 49 
49 41
41 802 
802 41
42 43 
43 42
42 133 
133 42
42 142 
142 42
42 50 
50 42
43 50 
50 43
43 51 
51 43
43 44 
44 43
44 45 
45 44
44 51 
51 44
44 52 
52 44
45 52 
52 45
45 53 
53 45
45 46 
46 45
46 53 
53 46
46 54 
54 46
46 47 
47 46
47 48 
48 47
47 54 
54 47
47 55 
55 47
48 55 
55 48
48 56 
56 48
48 49 
49 48
49 56 
56 49
49 812 
812 49
49 802 
802 49
50 51 
51 50
50 142 
142 50
50 57 
57 50
50 58 
58 50
51 58 
58 51
51 59 
59 51
51 52 
52 51
52 59 
59 52
52 60 
60 52
52 53 
53 52
53 54 
54 53
53 60 
60 53
53 61 
61 53
54 55 
55 54
54 61 
61 54
54 62 
62 54
55 62 
62 55
55 63 
63 55
55 56 
56 55
56 63 
63 56
56 822 
822 56
56 812 
812 56
57 58 
58 57
57 142 
142 57
57 151 
151 57
57 160 
160 57
57 64 
64 57
58 59 
59 58
58 64 
64 58
58 65 
65 58
59 65 
65 59
59 66 
66 59
59 60 
60 59
60 61 
61 60
60 66 
66 60
60 67 
67 60
61 67 
67 61
61 68 
68 61
61 62 
62 61
62 68 
68 62
62 69 
69 62
62 63 
63 62
63 822 
822 63
63 69 
69 63
63 70 
70 63
64 160 
160 64
64 71 
71 64
64 72 
72 64
64 65 
65 64
65 72 
72 65
65 73 
73 65
65 66 
66 65
66 67 
67 66
66 73 
73 66
66 74 
74 66
67 74 
74 67
67 75 
75 67
67 68 
68 67
68 75 
75 68
68 76 
76 68
68 69 
69 68
69 70 
70 69
69 76 
76 69
69 77 
77 69
70 832 
832 70
70 822 
822 70
70 77 
77 70
70 841 
841 70
71 160 
160 71
71 169 
169 71
71 178 
178 71
71 78 
78 71
71 72 
72 71
72 78 
78 72
72 79 
79 72
72 73 
73 72
73 74 
74 73
73 79 
79 73
73 80 
80 73
74 80 
80 74
74 81 
81 74
74 75 
75 74
75 81 
81 75
75 82 
82 75
75 76 
76 75
76 77 
77 76
76 82 
82 76
76 83 
83 76
77 83 
83 77
77 671 
671 77
77 841 
841 77
78 79 
79 78
78 178 
178 78
78 192 
192 78
78 84 
84 78
79 84 
84 79
79 85 
85 79
79 80 
80 79
80 85 
85 80
80 86 
86 80
80 81 
81 80
81 86 
86 81
81 87 
87 81
81 82 
82 81
82 87 
87 82
82 88 
88 82
82 83 
83 82
83 671 
671 83
83 88 
88 83
83 675 
675 83
84 85 
85 84
84 192 
192 84
84 198 
198 84
84 89 
89 84
85 86 
86 85
85 89 
89 85
85 90 
90 85
86 90 
90 86
86 91 
91 86
86 87 
87 86
87 91 
91 87
87 92 
92 87
87 88 
88 87
88 92 
92 88
88 680 
680 88
88 675 
675 88
89 209 
209 89
89 210 
210 89
89 90 
90 89
89 198 
198 89
90 91 
91 90
90 210 
210 90
90 93 
93 90
91 93 
93 91
91 94 
94 91
91 92 
92 91
92 680 
680 92
92 94 
94 92
92 686 
686 92
93 210 
210 93
93 222 
222 93
93 223 
223 93
93 94 
94 93
94 696 
696 94
94 686 
686 94
94 223 
223 94
95 772 
772 95
95 143 
143 95
95 109 
109 95
95 102 
102 95
95 96 
96 95
95 97 
97 95
95 98 
98 95
95 99 
99 95
95 101 
101 95
96 102 
102 96
96 103 
103 96
96 97 
97 96
97 98 
98 97
97 103 
103 97
97 104 
104 97
98 104 
104 98
98 105 
105 98
98 99 
99 98
99 101 
101 99
99 105 
105 99
99 106 
106 99
99 100 
100 99
100 101 
101 100
100 106 
106 100
100 107 
107 100
101 107 
107 101
101 108 
108 101
102 103 
103 102
102 109 
109 102
102 110 
110 102
103 110 
110 103
103 111 
111 103
103 104 
104 103
104 111 
111 104
104 112 
112 104
104 105 
105 104
105 106 
106 105
105 112 
112 105
105 113 
113 105
106 113 
113 106
106 114 
114 106
106 107 
107 106
107 108 
108 107
107 114 
114 107
107 115 
115 107
108 115 
115 108
108 116 
116 108
109 143 
143 109
109 125 
125 109
109 117 
117 109
109 110 
110 109
110 117 
117 110
110 118 
118 110
110 111 
111 110
111 112 
112 111
111 118 
118 111
111 119 
119 111
112 119 
119 112
112 120 
120 112
112 113 
113 112
113 120 
120 113
113 121 
121 113
113 114 
114 113
114 121 
121 114
114 122 
122 114
114 115 
115 114
115 116 
116 115
115 122 
122 115
115 123 
123 115
116 123 
123 116
116 124 
124 116
117 118 
118 117
117 125 
125 117
117 126 
126 117
118 119 
119 118
118 126 
126 118
118 127 
127 118
119 127 
127 119
119 128 
128 119
119 120 
120 119
120 128 
128 120
120 129 
129 120
120 121 
121 120
121 129 
129 121
121 130 
130 121
121 122 
122 121
122 123 
123 122
122 130 
130 122
122 131 
131 122
123 131 
131 123
123 132 
132 123
123 124 
124 123
124 132 
132 124
124 133 
133 124
125 126 
126 125
125 143 
143 125
125 134 
134 125
126 134 
134 126
126 135 
135 126
126 127 
127 126
127 135 
135 127
127 136 
136 127
127 128 
128 127
128 129 
129 128
128 136 
136 128
128 137 
137 128
129 137 
137 129
129 138 
138 129
129 130 
130 129
130 138 
138 130
130 139 
139 130
130 131 
131 130
131 132 
132 131
131 139 
139 131
131 140 
140 131
132 140 
140 132
132 141 
141 132
132 133 
133 132
133 141 
141 133
133 142 
142 133
134 143 
143 134
134 144 
144 134
134 135 
135 134
135 136 
136 135
135 144 
144 135
135 145 
145 135
136 145 
145 136
136 146 
146 136
136 137 
137 136
137 138 
138 137
137 146 
146 137
137 147 
147 137
138 147 
147 138
138 148 
148 138
138 139 
139 138
139 148 
148 139
139 149 
149 139
139 140 
140 139
140 141 
141 140
140 149 
149 140
140 150 
150 140
141 150 
150 141
141 151 
151 141
141 142 
142 141
142 151 
151 142
143 289 
289 143
143 199 
199 143
143 161 
161 143
143 152 
152 143
143 144 
144 143
144 145 
145 144
144 152 
152 144
144 153 
153 144
145 153 
153 145
145 154 
154 145
145 146 
146 145
146 147 
147 146
146 154 
154 146
146 155 
155 146
147 155 
155 147
147 156 
156 147
147 148 
148 147
148 149 
149 148
148 156 
156 148
148 157 
157 148
149 157 
157 149
149 158 
158 149
149 150 
150 149
150 158 
158 150
150 159 
159 150
150 151 
151 150
151 159 
159 151
151 160 
160 151
152 161 
161 152
152 162 
162 152
152 153 
153 152
153 162 
162 153
153 163 
163 153
153 154 
154 153
154 155 
155 154
154 163 
163 154
154 164 
164 154
155 164 
164 155
155 165 
165 155
155 156 
156 155
156 157 
157 156
156 165 
165 156
156 166 
166 156
157 166 
166 157
157 167 
167 157
157 158 
158 157
158 167 
167 158
158 168 
168 158
158 159 
159 158
159 168 
168 159
159 169 
169 159
159 160 
160 159
160 169 
169 160
161 199 
199 161
161 179 
179 161
161 170 
170 161
161 162 
162 161
162 170 
170 162
162 171 
171 162
162 163 
163 162
163 171 
171 163
163 172 
172 163
163 164 
164 163
164 172 
172 164
164 173 
173 164
164 165 
165 164
165 166 
166 165
165 173 
173 165
165 174 
174 165
166 174 
174 166
166 175 
175 166
166 167 
167 166
167 175 
175 167
167 176 
176 167
167 168 
168 167
168 176 
176 168
168 177 
177 168
168 169 
169 168
169 177 
177 169
169 178 
178 169
170 179 
179 170
170 180 
180 170
170 171 
171 170
171 180 
180 171
171 181 
181 171
171 172 
172 171
172 181 
181 172
172 182 
182 172
172 173 
173 172
173 174 
174 173
173 182 
182 173
173 183 
183 173
174 183 
183 174
174 184 
184 174
174 175 
175 174
175 184 
184 175
175 185 
185 175
175 176 
176 175
176 185 
185 176
176 186 
186 176
176 177 
177 176
177 186 
186 177
177 187 
187 177
177 178 
178 177
178 187 
187 178
178 192 
192 178
179 199 
199 179
179 193 
193 179
179 180 
180 179
180 181 
181 180
180 193 
193 180
180 194 
194 180
181 194 
194 181
181 195 
195 181
181 182 
182 181
182 195 
195 182
182 188 
188 182
182 183 
183 182
183 188 
188 183
183 189 
189 183
183 184 
184 183
184 185 
185 184
184 189 
189 184
184 190 
190 184
185 190 
190 185
185 191 
191 185
185 186 
186 185
186 191 
191 186
186 196 
196 186
186 187 
187 186
187 196 
196 187
187 197 
197 187
187 192 
192 187
188 189 
189 188
188 195 
195 188
188 202 
202 188
188 203 
203 188
189 203 
203 189
189 204 
204 189
189 190 
190 189
190 204 
204 190
190 205 
205 190
190 191 
191 190
191 205 
205 191
191 206 
206 191
191 196 
196 191
192 197 
197 192
192 198 
198 192
193 194 
194 193
193 199 
199 193
193 200 
200 193
194 200 
200 194
194 201 
201 194
194 195 
195 194
195 201 
201 195
195 202 
202 195
196 206 
206 196
196 207 
207 196
196 197 
197 196
197 207 
207 197
197 208 
208 197
197 198 
198 197
198 208 
208 198
198 209 
209 198
199 200 
200 199
199 289 
289 199
199 224 
224 199
199 211 
211 199
200 201 
201 200
200 211 
211 200
200 212 
212 200
201 212 
212 201
201 213 
213 201
201 202 
202 201
202 213 
213 202
202 214 
214 202
202 203 
203 202
203 204 
204 203
203 214 
214 203
203 215 
215 203
204 215 
215 204
204 216 
216 204
204 205 
205 204
205 216 
216 205
205 217 
217 205
205 206 
206 205
206 217 
217 206
206 218 
218 206
206 207 
207 206
207 218 
218 207
207 219 
219 207
207 208 
208 207
208 219 
219 208
208 220 
220 208
208 209 
209 208
209 220 
220 209
209 221 
221 209
209 210 
210 209
210 221 
221 210
210 222 
222 210
211 212 
212 211
211 224 
224 211
211 225 
225 211
212 225 
225 212
212 226 
226 212
212 213 
213 212
213 226 
226 213
213 227 
227 213
213 214 
214 213
214 227 
227 214
214 228 
228 214
214 215 
215 214
215 228 
228 215
215 229 
229 215
215 216 
216 215
216 217 
217 216
216 229 
229 216
216 230 
230 216
217 230 
230 217
217 231 
231 217
217 218 
218 217
218 231 
231 218
218 232 
232 218
218 219 
219 218
219 220 
220 219
219 232 
232 219
219 233 
233 219
220 233 
233 220
220 234 
234 220
220 221 
221 220
221 234 
234 221
221 235 
235 221
221 222 
222 221
222 235 
235 222
222 236 
236 222
222 223 
223 222
223 696 
696 223
223 236 
236 223
223 237 
237 223
224 289 
289 224
224 238 
238 224
224 225 
225 224
225 226 
226 225
225 238 
238 225
225 239 
239 225
226 239 
239 226
226 240 
240 226
226 227 
227 226
227 240 
240 227
227 241 
241 227
227 228 
228 227
228 241 
241 228
228 242 
242 228
228 229 
229 228
229 242 
242 229
229 243 
243 229
229 230 
230 229
230 243 
243 230
230 244 
244 230
230 231 
231 230
231 232 
232 231
231 244 
244 231
231 245 
245 231
232 233 
233 232
232 245 
245 232
232 246 
246 232
233 246 
246 233
233 247 
247 233
233 234 
234 233
234 247 
247 234
234 248 
248 234
234 235 
235 234
235 236 
236 235
235 248 
248 235
235 249 
249 235
236 249 
249 236
236 250 
250 236
236 237 
237 236
237 707 
707 237
237 696 
696 237
237 250 
250 237
237 251 
251 237
238 289 
289 238
238 290 
290 238
238 239 
239 238
239 290 
290 239
239 252 
252 239
239 240 
240 239
240 241 
241 240
240 252 
252 240
240 253 
253 240
241 253 
253 241
241 254 
254 241
241 242 
242 241
242 254 
254 242
242 255 
255 242
242 243 
243 242
243 244 
244 243
243 255 
255 243
243 256 
256 243
244 256 
256 244
244 257 
257 244
244 245 
245 244
245 246 
246 245
245 257 
257 245
245 258 
258 245
246 247 
247 246
246 258 
258 246
246 259 
259 246
247 259 
259 247
247 260 
260 247
247 248 
248 247
248 260 
260 248
248 261 
261 248
248 249 
249 248
249 261 
261 249
249 262 
262 249
249 250 
250 249
250 251 
251 250
250 262 
262 250
250 263 
263 250
251 263 
263 251
251 264 
264 251
251 718 
718 251
251 707 
707 251
252 290 
290 252
252 292 
292 252
252 293 
293 252
252 253 
253 252
253 254 
254 253
253 293 
293 253
253 294 
294 253
254 294 
294 254
254 265 
265 254
254 255 
255 254
255 265 
265 255
255 266 
266 255
255 256 
256 255
256 257 
257 256
256 266 
266 256
256 267 
267 256
257 267 
267 257
257 268 
268 257
257 258 
258 257
258 259 
259 258
258 268 
268 258
258 269 
269 258
259 269 
269 259
259 270 
270 259
259 260 
260 259
260 270 
270 260
260 271 
271 260
260 261 
261 260
261 271 
271 261
261 272 
272 261
261 262 
262 261
262 263 
263 262
262 272 
272 262
262 273 
273 262
263 273 
273 263
263 274 
274 263
263 264 
264 263
264 728 
728 264
264 718 
718 264
264 274 
274 264
264 275 
275 264
265 266 
266 265
265 294 
294 265
265 299 
299 265
265 300 
300 265
266 300 
300 266
266 276 
276 266
266 267 
267 266
267 268 
268 267
267 276 
276 267
267 382 
382 267
268 382 
382 268
268 383 
383 268
268 269 
269 268
269 383 
383 269
269 384 
384 269
269 270 
270 269
270 384 
384 270
270 277 
277 270
270 271 
271 270
271 272 
272 271
271 277 
277 271
271 278 
278 271
272 278 
278 272
272 279 
279 272
272 273 
273 272
273 279 
279 273
273 280 
280 273
273 274 
274 273
274 280 
280 274
274 281 
281 274
274 275 
275 274
275 281 
281 275
275 282 
282 275
275 738 
738 275
275 728 
728 275
276 382 
382 276
276 300 
300 276
276 306 
306 276
276 385 
385 276
277 384 
384 277
277 388 
388 277
277 283 
283 277
277 278 
278 277
278 279 
279 278
278 283 
283 278
278 284 
284 278
279 284 
284 279
279 285 
285 279
279 280 
280 279
280 281 
281 280
280 285 
285 280
280 286 
286 280
281 286 
286 281
281 287 
287 281
281 282 
282 281
282 287 
287 282
282 288 
288 282
282 748 
748 282
282 738 
738 282
283 284 
284 283
283 388 
388 283
283 393 
393 283
283 394 
394 283
284 285 
285 284
284 394 
394 284
284 395 
395 284
285 395 
395 285
285 396 
396 285
285 286 
286 285
286 396 
396 286
286 575 
575 286
286 287 
287 286
287 575 
575 287
287 576 
576 287
287 288 
288 287
288 757 
757 288
288 748 
748 288
288 576 
576 288
288 577 
577 288
289 307 
307 289
289 295 
295 289
289 291 
291 289
289 290 
290 289
290 291 
291 290
290 292 
292 290
291 295 
295 291
291 296 
296 291
291 292 
292 291
292 293 
293 292
292 296 
296 292
292 297 
297 292
293 297 
297 293
293 298 
298 293
293 294 
294 293
294 298 
298 294
294 299 
299 294
295 307 
307 295
295 301 
301 295
295 296 
296 295
296 301 
301 296
296 302 
302 296
296 297 
297 296
297 302 
302 297
297 303 
303 297
297 298 
298 297
298 299 
299 298
298 303 
303 298
298 304 
304 298
299 304 
304 299
299 305 
305 299
299 300 
300 299
300 305 
305 300
300 306 
306 300
301 302 
302 301
301 307 
307 301
301 308 
308 301
302 303 
303 302
302 308 
308 302
302 309 
309 302
303 309 
309 303
303 310 
310 303
303 304 
304 303
304 305 
305 304
304 310 
310 304
304 311 
311 304
305 311 
311 305
305 312 
312 305
305 306 
306 305
306 312 
312 306
306 389 
389 306
306 385 
385 306
307 373 
373 307
307 357 
357 307
307 343 
343 307
307 318 
318 307
307 313 
313 307
307 308 
308 307
308 313 
313 308
308 314 
314 308
308 309 
309 308
309 310 
310 309
309 314 
314 309
309 315 
315 309
310 311 
311 310
310 315 
315 310
310 316 
316 310
311 312 
312 311
311 316 
316 311
311 317 
317 311
312 317 
317 312
312 397 
397 312
312 389 
389 312
313 318 
318 313
313 319 
319 313
313 314 
314 313
314 319 
319 314
314 320 
320 314
314 315 
315 314
315 320 
320 315
315 321 
321 315
315 316 
316 315
316 321 
321 316
316 322 
322 316
316 317 
317 316
317 322 
322 317
317 323 
323 317
317 397 
397 317
318 319 
319 318
318 343 
343 318
318 330 
330 318
318 324 
324 318
319 320 
320 319
319 324 
324 319
319 325 
325 319
320 325 
325 320
320 326 
326 320
320 321 
321 320
321 326 
326 321
321 327 
327 321
321 322 
322 321
322 327 
327 322
322 328 
328 322
322 323 
323 322
323 406 
406 323
323 397 
397 323
323 328 
328 323
323 329 
329 323
324 330 
330 324
324 331 
331 324
324 325 
325 324
325 331 
331 325
325 332 
332 325
325 326 
326 325
326 327 
327 326
326 332 
332 326
326 333 
333 326
327 333 
333 327
327 334 
334 327
327 328 
328 327
328 329 
329 328
328 334 
334 328
328 335 
335 328
329 406 
406 329
329 335 
335 329
329 336 
336 329
329 415 
415 329
330 331 
331 330
330 343 
343 330
330 337 
337 330
331 337 
337 331
331 338 
338 331
331 332 
332 331
332 333 
333 332
332 338 
338 332
332 339 
339 332
333 339 
339 333
333 340 
340 333
333 334 
334 333
334 335 
335 334
334 340 
340 334
334 341 
341 334
335 341 
341 335
335 342 
342 335
335 336 
336 335
336 415 
415 336
336 342 
342 336
336 433 
433 336
336 424 
424 336
337 338 
338 337
337 343 
343 337
337 344 
344 337
338 344 
344 338
338 345 
345 338
338 339 
339 338
339 345 
345 339
339 346 
346 339
339 340 
340 339
340 346 
346 340
340 347 
347 340
340 341 
341 340
341 342 
342 341
341 347 
347 341
341 348 
348 341
342 348 
348 342
342 349 
349 342
342 433 
433 342
343 344 
344 343
343 357 
357 343
343 350 
350 343
344 350 
350 344
344 351 
351 344
344 345 
345 344
345 346 
346 345
345 351 
351 345
345 352 
352 345
346 352 
352 346
346 353 
353 346
346 347 
347 346
347 353 
353 347
347 354 
354 347
347 348 
348 347
348 354 
354 348
348 355 
355 348
348 349 
349 348
349 442 
442 349
349 433 
433 349
349 355 
355 349
349 356 
356 349
350 351 
351 350
350 357 
357 350
350 358 
358 350
351 358 
358 351
351 359 
359 351
351 352 
352 351
352 359 
359 352
352 360 
360 352
352 353 
353 352
353 354 
354 353
353 360 
360 353
353 361 
361 353
354 355 
355 354
354 361 
361 354
354 362 
362 354
355 362 
362 355
355 363 
363 355
355 356 
356 355
356 451 
451 356
356 442 
442 356
356 363 
363 356
356 364 
364 356
357 373 
373 357
357 365 
365 357
357 358 
358 357
358 365 
365 358
358 366 
366 358
358 359 
359 358
359 366 
366 359
359 367 
367 359
359 360 
360 359
360 367 
367 360
360 368 
368 360
360 361 
361 360
361 362 
362 361
361 368 
368 361
361 369 
369 361
362 369 
369 362
362 370 
370 362
362 363 
363 362
363 364 
364 363
363 370 
370 363
363 371 
371 363
364 371 
371 364
364 372 
372 364
364 459 
459 364
364 451 
451 364
365 373 
373 365
365 374 
374 365
365 366 
366 365
366 374 
374 366
366 375 
375 366
366 367 
367 366
367 375 
375 367
367 376 
376 367
367 368 
368 367
368 369 
369 368
368 376 
376 368
368 377 
377 368
369 370 
370 369
369 377 
377 369
369 378 
378 369
370 371 
371 370
370 378 
378 370
370 379 
379 370
371 379 
379 371
371 380 
380 371
371 372 
372 371
372 467 
467 372
372 459 
459 372
372 380 
380 372
372 381 
381 372
373 375 
375 373
373 374 
374 373
374 375 
375 374
375 376 
376 375
375 474 
474 375
376 377 
377 376
376 474 
474 376
376 381 
381 376
376 379 
379 376
376 378 
378 376
377 378 
378 377
378 379 
379 378
379 380 
380 379
379 381 
381 379
380 381 
381 380
381 474 
474 381
381 467 
467 381
382 385 
385 382
382 386 
386 382
382 383 
383 382
383 386 
386 383
383 387 
387 383
383 384 
384 383
384 387 
387 384
384 388 
388 384
385 389 
389 385
385 390 
390 385
385 386 
386 385
386 387 
387 386
386 390 
390 386
386 391 
391 386
387 391 
391 387
387 392 
392 387
387 388 
388 387
388 392 
392 388
388 393 
393 388
389 397 
397 389
389 398 
398 389
389 390 
390 389
390 391 
391 390
390 398 
398 390
390 399 
399 390
391 399 
399 391
391 400 
400 391
391 392 
392 391
392 401 
401 392
392 393 
393 392
392 400 
400 392
393 394 
394 393
393 401 
401 393
393 402 
402 393
394 402 
402 394
394 403 
403 394
394 395 
395 394
395 403 
403 395
395 404 
404 395
395 396 
396 395
396 404 
404 396
396 405 
405 396
396 575 
575 396
397 398 
398 397
397 406 
406 397
398 406 
406 398
398 407 
407 398
398 399 
399 398
399 407 
407 399
399 408 
408 399
399 400 
400 399
400 408 
408 400
400 409 
409 400
400 401 
401 400
401 402 
402 401
401 409 
409 401
401 410 
410 401
402 410 
410 402
402 411 
411 402
402 403 
403 402
403 411 
411 403
403 412 
412 403
403 404 
404 403
404 405 
405 404
404 412 
412 404
404 413 
413 404
405 575 
575 405
405 413 
413 405
405 414 
414 405
405 582 
582 405
406 407 
407 406
406 415 
415 406
407 415 
415 407
407 416 
416 407
407 408 
408 407
408 416 
416 408
408 417 
417 408
408 409 
409 408
409 418 
418 409
409 410 
410 409
409 417 
417 409
410 418 
418 410
410 419 
419 410
410 411 
411 410
411 419 
419 411
411 420 
420 411
411 412 
412 411
412 413 
413 412
412 420 
420 412
412 421 
421 412
413 421 
421 413
413 422 
422 413
413 414 
414 413
414 591 
591 414
414 582 
582 414
414 422 
422 414
414 423 
423 414
415 424 
424 415
415 416 
416 415
416 424 
424 416
416 425 
425 416
416 417 
417 416
417 425 
425 417
417 426 
426 417
417 418 
418 417
418 426 
426 418
418 427 
427 418
418 419 
419 418
419 420 
420 419
419 427 
427 419
419 428 
428 419
420 428 
428 420
420 429 
429 420
420 421 
421 420
421 422 
422 421
421 429 
429 421
421 430 
430 421
422 430 
430 422
422 431 
431 422
422 423 
423 422
423 431 
431 423
423 432 
432 423
423 600 
600 423
423 591 
591 423
424 433 
433 424
424 434 
434 424
424 425 
425 424
425 426 
426 425
425 434 
434 425
425 435 
435 425
426 427 
427 426
426 435 
435 426
426 436 
436 426
427 436 
436 427
427 437 
437 427
427 428 
428 427
428 437 
437 428
428 438 
438 428
428 429 
429 428
429 430 
430 429
429 438 
438 429
429 439 
439 429
430 439 
439 430
430 440 
440 430
430 431 
431 430
431 432 
432 431
431 440 
440 431
431 441 
441 431
432 441 
441 432
432 617 
617 432
432 609 
609 432
432 600 
600 432
433 442 
442 433
433 434 
434 433
434 435 
435 434
434 442 
442 434
434 443 
443 434
435 443 
443 435
435 444 
444 435
435 436 
436 435
436 444 
444 436
436 445 
445 436
436 437 
437 436
437 445 
445 437
437 446 
446 437
437 438 
438 437
438 446 
446 438
438 447 
447 438
438 439 
439 438
439 447 
447 439
439 448 
448 439
439 440 
440 439
440 441 
441 440
440 448 
448 440
440 449 
449 440
441 449 
449 441
441 450 
450 441
441 617 
617 441
442 451 
451 442
442 443 
443 442
443 444 
444 443
443 451 
451 443
443 452 
452 443
444 452 
452 444
444 453 
453 444
444 445 
445 444
445 453 
453 445
445 454 
454 445
445 446 
446 445
446 454 
454 446
446 455 
455 446
446 447 
447 446
447 448 
448 447
447 455 
455 447
447 456 
456 447
448 456 
456 448
448 457 
457 448
448 449 
449 448
449 450 
450 449
449 457 
457 449
449 458 
458 449
450 458 
458 450
450 633 
633 450
450 625 
625 450
450 617 
617 450
451 459 
459 451
451 452 
452 451
452 459 
459 452
452 460 
460 452
452 453 
453 452
453 454 
454 453
453 460 
460 453
453 461 
461 453
454 461 
461 454
454 462 
462 454
454 455 
455 454
455 462 
462 455
455 463 
463 455
455 456 
456 455
456 463 
463 456
456 464 
464 456
456 457 
457 456
457 458 
458 457
457 464 
464 457
457 465 
465 457
458 633 
633 458
458 465 
465 458
458 466 
466 458
459 467 
467 459
459 460 
460 459
460 467 
467 460
460 468 
468 460
460 461 
461 460
461 462 
462 461
461 468 
468 461
461 469 
469 461
462 469 
469 462
462 470 
470 462
462 463 
463 462
463 464 
464 463
463 470 
470 463
463 471 
471 463
464 471 
471 464
464 472 
472 464
464 465 
465 464
465 472 
472 465
465 473 
473 465
465 466 
466 465
466 473 
473 466
466 651 
651 466
466 642 
642 466
466 633 
633 466
467 474 
474 467
467 468 
468 467
468 474 
474 468
468 475 
475 468
468 469 
469 468
469 475 
475 469
469 476 
476 469
469 470 
470 469
470 471 
471 470
470 476 
476 470
470 477 
477 470
471 477 
477 471
471 478 
478 471
471 472 
472 471
472 478 
478 472
472 479 
479 472
472 473 
473 472
473 651 
651 473
473 479 
479 473
473 661 
661 473
474 569 
569 474
474 661 
661 474
474 477 
477 474
474 475 
475 474
475 477 
477 475
475 476 
476 475
476 477 
477 476
477 661 
661 477
477 479 
479 477
477 478 
478 477
478 479 
479 478
479 661 
661 479
480 481 
481 480
480 956 
956 480
480 955 
955 480
480 747 
747 480
480 486 
486 480
480 487 
487 480
481 957 
957 481
481 956 
956 481
481 487 
487 481
481 488 
488 481
481 482 
482 481
482 488 
488 482
482 489 
489 482
482 483 
483 482
482 958 
958 482
482 957 
957 482
483 489 
489 483
483 490 
490 483
483 484 
484 483
483 959 
959 483
483 958 
958 483
484 485 
485 484
484 960 
960 484
484 959 
959 484
484 490 
490 484
484 491 
491 484
485 491 
491 485
485 498 
498 485
485 941 
941 485
485 954 
954 485
485 960 
960 485
486 487 
487 486
486 747 
747 486
486 756 
756 486
486 492 
492 486
486 493 
493 486
487 493 
493 487
487 494 
494 487
487 488 
488 487
488 495 
495 488
488 489 
489 488
488 494 
494 488
489 495 
495 489
489 496 
496 489
489 490 
490 489
490 491 
491 490
490 496 
496 490
490 497 
497 490
491 497 
497 491
491 498 
498 491
492 764 
764 492
492 499 
499 492
492 500 
500 492
492 493 
493 492
492 756 
756 492
493 494 
494 493
493 500 
500 493
493 501 
501 493
494 501 
501 494
494 502 
502 494
494 495 
495 494
495 502 
502 495
495 503 
503 495
495 496 
496 495
496 503 
503 496
496 504 
504 496
496 497 
497 496
497 504 
504 497
497 505 
505 497
497 498 
498 497
498 505 
505 498
498 513 
513 498
498 527 
527 498
498 941 
941 498
499 500 
500 499
499 764 
764 499
499 767 
767 499
499 506 
506 499
499 507 
507 499
500 507 
507 500
500 508 
508 500
500 501 
501 500
501 508 
508 501
501 509 
509 501
501 502 
502 501
502 503 
503 502
502 509 
509 502
502 510 
510 502
503 510 
510 503
503 511 
511 503
503 504 
504 503
504 511 
511 504
504 512 
512 504
504 505 
505 504
505 512 
512 505
505 513 
513 505
506 507 
507 506
506 767 
767 506
506 590 
590 506
506 599 
599 506
506 514 
514 506
507 514 
514 507
507 515 
515 507
507 508 
508 507
508 515 
515 508
508 516 
516 508
508 509 
509 508
509 510 
510 509
509 516 
516 509
509 517 
517 509
510 517 
517 510
510 518 
518 510
510 511 
511 510
511 518 
518 511
511 519 
519 511
511 512 
512 511
512 519 
519 512
512 520 
520 512
512 513 
513 512
513 520 
520 513
513 527 
527 513
514 599 
599 514
514 608 
608 514
514 521 
521 514
514 515 
515 514
515 521 
521 515
515 522 
522 515
515 516 
516 515
516 522 
522 516
516 523 
523 516
516 517 
517 516
517 523 
523 517
517 524 
524 517
517 518 
518 517
518 524 
524 518
518 525 
525 518
518 519 
519 518
519 525 
525 519
519 526 
526 519
519 520 
520 519
520 526 
526 520
520 527 
527 520
521 608 
608 521
521 528 
528 521
521 529 
529 521
521 522 
522 521
522 529 
529 522
522 530 
530 522
522 523 
523 522
523 530 
530 523
523 531 
531 523
523 524 
524 523
524 531 
531 524
524 532 
532 524
524 525 
525 524
525 533 
533 525
525 526 
526 525
525 532 
532 525
526 533 
533 526
526 534 
534 526
526 527 
527 526
527 534 
534 527
527 542 
542 527
527 568 
568 527
527 941 
941 527
528 529 
529 528
528 608 
608 528
528 616 
616 528
528 535 
535 528
528 536 
536 528
529 536 
536 529
529 537 
537 529
529 530 
530 529
530 531 
531 530
530 537 
537 530
530 538 
538 530
531 538 
538 531
531 539 
539 531
531 532 
532 531
532 533 
533 532
532 539 
539 532
532 540 
540 532
533 540 
540 533
533 541 
541 533
533 534 
534 533
534 542 
542 534
534 541 
541 534
535 616 
616 535
535 624 
624 535
535 632 
632 535
535 543 
543 535
535 536 
536 535
536 543 
543 536
536 544 
544 536
536 537 
537 536
537 538 
538 537
537 544 
544 537
537 545 
545 537
538 545 
545 538
538 546 
546 538
538 539 
539 538
539 546 
546 539
539 547 
547 539
539 540 
540 539
540 541 
541 540
540 547 
547 540
540 548 
548 540
541 548 
548 541
541 549 
549 541
541 542 
542 541
542 549 
549 542
542 556 
556 542
542 568 
568 542
543 632 
632 543
543 641 
641 543
543 550 
550 543
543 544 
544 543
544 545 
545 544
544 550 
550 544
544 551 
551 544
545 551 
551 545
545 552 
552 545
545 546 
546 545
546 552 
552 546
546 553 
553 546
546 547 
547 546
547 548 
548 547
547 553 
553 547
547 554 
554 547
548 549 
549 548
548 554 
554 548
548 555 
555 548
549 555 
555 549
549 556 
556 549
550 641 
641 550
550 650 
650 550
550 557 
557 550
550 551 
551 550
551 557 
557 551
551 558 
558 551
551 552 
552 551
552 558 
558 552
552 559 
559 552
552 553 
553 552
553 554 
554 553
553 559 
559 553
553 560 
560 553
554 555 
555 554
554 560 
560 554
554 561 
561 554
555 561 
561 555
555 562 
562 555
555 556 
556 555
556 562 
562 556
556 568 
568 556
557 650 
650 557
557 660 
660 557
557 563 
563 557
557 558 
558 557
558 559 
559 558
558 563 
563 558
558 564 
564 558
559 564 
564 559
559 565 
565 559
559 560 
560 559
560 561 
561 560
560 565 
565 560
560 566 
566 560
561 566 
566 561
561 567 
567 561
561 562 
562 561
562 567 
567 562
562 568 
568 562
563 564 
564 563
563 660 
660 563
563 569 
569 563
563 570 
570 563
564 570 
570 564
564 571 
571 564
564 565 
565 564
565 566 
566 565
565 571 
571 565
565 572 
572 565
566 572 
572 566
566 573 
573 566
566 567 
567 566
567 568 
568 567
567 573 
573 567
567 574 
574 567
568 574 
574 568
568 903 
903 568
568 941 
941 568
569 661 
661 569
569 573 
573 569
569 572 
572 569
569 570 
570 569
569 660 
660 569
569 670 
670 569
569 669 
669 569
570 572 
572 570
570 571 
571 570
571 572 
572 571
572 573 
573 572
573 574 
574 573
575 582 
582 575
575 576 
576 575
576 582 
582 576
576 583 
583 576
576 577 
577 576
577 583 
583 577
577 584 
584 577
577 578 
578 577
577 757 
757 577
578 579 
579 578
578 758 
758 578
578 757 
757 578
578 584 
584 578
578 585 
585 578
579 758 
758 579
579 585 
585 579
579 586 
586 579
579 580 
580 579
579 759 
759 579
580 586 
586 580
580 587 
587 580
580 581 
581 580
580 760 
760 580
580 759 
759 580
581 760 
760 581
581 587 
587 581
581 588 
588 581
581 765 
765 581
581 761 
761 581
582 591 
591 582
582 583 
583 582
583 591 
591 583
583 592 
592 583
583 584 
584 583
584 585 
585 584
584 592 
592 584
584 593 
593 584
585 593 
593 585
585 594 
594 585
585 586 
586 585
586 594 
594 586
586 595 
595 586
586 587 
587 586
587 588 
588 587
587 595 
595 587
587 596 
596 587
588 765 
765 588
588 596 
596 588
588 597 
597 588
588 589 
589 588
589 590 
590 589
589 766 
766 589
589 765 
765 589
589 597 
597 589
589 598 
598 589
590 598 
598 590
590 599 
599 590
590 767 
767 590
590 766 
766 590
591 600 
600 591
591 592 
592 591
592 593 
593 592
592 600 
600 592
592 601 
601 592
593 594 
594 593
593 601 
601 593
593 602 
602 593
594 602 
602 594
594 603 
603 594
594 595 
595 594
595 603 
603 595
595 604 
604 595
595 596 
596 595
596 597 
597 596
596 604 
604 596
596 605 
605 596
597 605 
605 597
597 606 
606 597
597 598 
598 597
598 606 
606 598
598 607 
607 598
598 599 
599 598
599 607 
607 599
599 608 
608 599
600 609 
609 600
600 601 
601 600
601 602 
602 601
601 609 
609 601
601 610 
610 601
602 610 
610 602
602 611 
611 602
602 603 
603 602
603 604 
604 603
603 611 
611 603
603 612 
612 603
604 612 
612 604
604 613 
613 604
604 605 
605 604
605 606 
606 605
605 613 
613 605
605 614 
614 605
606 614 
614 606
606 615 
615 606
606 607 
607 606
607 615 
615 607
607 616 
616 607
607 608 
608 607
608 616 
616 608
609 617 
617 609
609 618 
618 609
609 610 
610 609
610 611 
611 610
610 618 
618 610
610 619 
619 610
611 619 
619 611
611 620 
620 611
611 612 
612 611
612 613 
613 612
612 620 
620 612
612 621 
621 612
613 621 
621 613
613 622 
622 613
613 614 
614 613
614 615 
615 614
614 622 
622 614
614 623 
623 614
615 623 
623 615
615 624 
624 615
615 616 
616 615
616 624 
624 616
617 625 
625 617
617 618 
618 617
618 625 
625 618
618 626 
626 618
618 619 
619 618
619 626 
626 619
619 627 
627 619
619 620 
620 619
620 621 
621 620
620 627 
627 620
620 628 
628 620
621 628 
628 621
621 629 
629 621
621 622 
622 621
622 629 
629 622
622 630 
630 622
622 623 
623 622
623 630 
630 623
623 631 
631 623
623 624 
624 623
624 631 
631 624
624 632 
632 624
625 633 
633 625
625 634 
634 625
625 626 
626 625
626 627 
627 626
626 634 
634 626
626 635 
635 626
627 635 
635 627
627 636 
636 627
627 628 
628 627
628 629 
629 628
628 636 
636 628
628 637 
637 628
629 637 
637 629
629 638 
638 629
629 630 
630 629
630 631 
631 630
630 638 
638 630
630 639 
639 630
631 639 
639 631
631 640 
640 631
631 632 
632 631
632 640 
640 632
632 641 
641 632
633 642 
642 633
633 634 
634 633
634 642 
642 634
634 643 
643 634
634 635 
635 634
635 636 
636 635
635 643 
643 635
635 644 
644 635
636 644 
644 636
636 645 
645 636
636 637 
637 636
637 645 
645 637
637 646 
646 637
637 638 
638 637
638 639 
639 638
638 646 
646 638
638 647 
647 638
639 640 
640 639
639 647 
647 639
639 648 
648 639
640 648 
648 640
640 649 
649 640
640 641 
641 640
641 649 
649 641
641 650 
650 641
642 651 
651 642
642 652 
652 642
642 643 
643 642
643 652 
652 643
643 653 
653 643
643 644 
644 643
644 645 
645 644
644 653 
653 644
644 654 
654 644
645 654 
654 645
645 655 
655 645
645 646 
646 645
646 647 
647 646
646 655 
655 646
646 656 
656 646
647 656 
656 647
647 657 
657 647
647 648 
648 647
648 649 
649 648
648 657 
657 648
648 658 
658 648
649 658 
658 649
649 659 
659 649
649 650 
650 649
650 659 
659 650
650 660 
660 650
651 661 
661 651
651 662 
662 651
651 652 
652 651
652 653 
653 652
652 662 
662 652
652 663 
663 652
653 654 
654 653
653 663 
663 653
653 664 
664 653
654 664 
664 654
654 665 
665 654
654 655 
655 654
655 656 
656 655
655 665 
665 655
655 666 
666 655
656 666 
666 656
656 667 
667 656
656 657 
657 656
657 658 
658 657
657 667 
667 657
657 668 
668 657
658 668 
668 658
658 669 
669 658
658 659 
659 658
659 660 
660 659
659 669 
669 659
659 670 
670 659
660 670 
670 660
661 669 
669 661
661 663 
663 661
661 662 
662 661
662 663 
663 662
663 669 
669 663
663 666 
666 663
663 665 
665 663
663 664 
664 663
664 665 
665 664
665 666 
666 665
666 669 
669 666
666 668 
668 666
666 667 
667 666
667 668 
668 667
668 669 
669 668
669 670 
670 669
671 675 
675 671
671 676 
676 671
671 672 
672 671
671 841 
841 671
672 842 
842 672
672 841 
841 672
672 676 
676 672
672 677 
677 672
672 673 
673 672
673 674 
674 673
673 843 
843 673
673 842 
842 673
673 677 
677 673
673 678 
678 673
674 678 
678 674
674 679 
679 674
674 851 
851 674
674 844 
844 674
674 843 
843 674
675 676 
676 675
675 680 
680 675
675 681 
681 675
676 677 
677 676
676 681 
681 676
676 682 
682 676
677 682 
682 677
677 683 
683 677
677 678 
678 677
678 679 
679 678
678 683 
683 678
678 684 
684 678
679 684 
684 679
679 685 
685 679
679 857 
857 679
679 851 
851 679
680 686 
686 680
680 687 
687 680
680 681 
681 680
681 687 
687 681
681 688 
688 681
681 682 
682 681
682 683 
683 682
682 688 
688 682
682 689 
689 682
683 689 
689 683
683 690 
690 683
683 684 
684 683
684 690 
690 684
684 691 
691 684
684 685 
685 684
685 857 
857 685
685 691 
691 685
685 692 
692 685
685 862 
862 685
686 696 
696 686
686 697 
697 686
686 687 
687 686
687 688 
688 687
687 697 
697 687
687 698 
698 687
688 698 
698 688
688 699 
699 688
688 689 
689 688
689 690 
690 689
689 699 
699 689
689 700 
700 689
690 700 
700 690
690 701 
701 690
690 691 
691 690
691 701 
701 691
691 702 
702 691
691 692 
692 691
692 702 
702 692
692 703 
703 692
692 693 
693 692
692 862 
862 692
693 862 
862 693
693 703 
703 693
693 704 
704 693
693 694 
694 693
693 863 
863 693
694 695 
695 694
694 864 
864 694
694 863 
863 694
694 704 
704 694
694 705 
705 694
695 705 
705 695
695 706 
706 695
695 928 
928 695
695 865 
865 695
695 864 
864 695
696 707 
707 696
696 697 
697 696
697 707 
707 697
697 708 
708 697
697 698 
698 697
698 708 
708 698
698 709 
709 698
698 699 
699 698
699 709 
709 699
699 710 
710 699
699 700 
700 699
700 710 
710 700
700 711 
711 700
700 701 
701 700
701 711 
711 701
701 712 
712 701
701 702 
702 701
702 712 
712 702
702 713 
713 702
702 703 
703 702
703 713 
713 703
703 714 
714 703
703 704 
704 703
704 714 
714 704
704 715 
715 704
704 705 
705 704
705 715 
715 705
705 716 
716 705
705 706 
706 705
706 935 
935 706
706 928 
928 706
706 716 
716 706
706 717 
717 706
707 718 
718 707
707 708 
708 707
708 718 
718 708
708 719 
719 708
708 709 
709 708
709 719 
719 709
709 720 
720 709
709 710 
710 709
710 711 
711 710
710 720 
720 710
710 721 
721 710
711 721 
721 711
711 722 
722 711
711 712 
712 711
712 722 
722 712
712 723 
723 712
712 713 
713 712
713 723 
723 713
713 724 
724 713
713 714 
714 713
714 715 
715 714
714 724 
724 714
714 725 
725 714
715 725 
725 715
715 726 
726 715
715 716 
716 715
716 726 
726 716
716 727 
727 716
716 717 
717 716
717 935 
935 717
717 727 
727 717
717 948 
948 717
717 942 
942 717
718 728 
728 718
718 719 
719 718
719 728 
728 719
719 729 
729 719
719 720 
720 719
720 729 
729 720
720 730 
730 720
720 721 
721 720
721 730 
730 721
721 731 
731 721
721 722 
722 721
722 731 
731 722
722 732 
732 722
722 723 
723 722
723 724 
724 723
723 732 
732 723
723 733 
733 723
724 733 
733 724
724 734 
734 724
724 725 
725 724
725 734 
734 725
725 735 
735 725
725 726 
726 725
726 735 
735 726
726 736 
736 726
726 727 
727 726
727 736 
736 727
727 737 
737 727
727 948 
948 727
728 729 
729 728
728 738 
738 728
729 738 
738 729
729 739 
739 729
729 730 
730 729
730 731 
731 730
730 739 
739 730
730 740 
740 730
731 740 
740 731
731 741 
741 731
731 732 
732 731
732 741 
741 732
732 742 
742 732
732 733 
733 732
733 742 
742 733
733 743 
743 733
733 734 
734 733
734 743 
743 734
734 744 
744 734
734 735 
735 734
735 744 
744 735
735 745 
745 735
735 736 
736 735
736 737 
737 736
736 745 
745 736
736 746 
746 736
737 746 
746 737
737 747 
747 737
737 955 
955 737
737 948 
948 737
738 739 
739 738
738 748 
748 738
739 748 
748 739
739 749 
749 739
739 740 
740 739
740 741 
741 740
740 749 
749 740
740 750 
750 740
741 750 
750 741
741 751 
751 741
741 742 
742 741
742 751 
751 742
742 752 
752 742
742 743 
743 742
743 752 
752 743
743 753 
753 743
743 744 
744 743
744 753 
753 744
744 754 
754 744
744 745 
745 744
745 754 
754 745
745 755 
755 745
745 746 
746 745
746 747 
747 746
746 755 
755 746
746 756 
756 746
747 756 
756 747
747 955 
955 747
748 749 
749 748
748 757 
757 748
749 757 
757 749
749 758 
758 749
749 750 
750 749
750 759 
759 750
750 751 
751 750
750 758 
758 750
751 752 
752 751
751 759 
759 751
751 760 
760 751
752 760 
760 752
752 761 
761 752
752 753 
753 752
753 754 
754 753
753 761 
761 753
753 762 
762 753
754 762 
762 754
754 763 
763 754
754 755 
755 754
755 756 
756 755
755 763 
763 755
755 764 
764 755
756 764 
764 756
757 758 
758 757
758 759 
759 758
759 760 
760 759
760 761 
761 760
761 762 
762 761
761 765 
765 761
762 765 
765 762
762 766 
766 762
762 763 
763 762
763 766 
766 763
763 767 
767 763
763 764 
764 763
764 767 
767 764
765 766 
766 765
766 767 
767 766
768 772 
772 768
768 775 
775 768
768 776 
776 768
768 769 
769 768
768 770 
770 768
769 770 
770 769
769 776 
776 769
769 777 
777 769
770 772 
772 770
770 777 
777 770
770 778 
778 770
770 771 
771 770
771 772 
772 771
771 778 
778 771
771 779 
779 771
772 866 
866 772
772 779 
779 772
772 780 
780 772
772 773 
773 772
772 774 
774 772
773 774 
774 773
773 780 
780 773
773 781 
781 773
774 866 
866 774
774 781 
781 774
774 782 
782 774
775 783 
783 775
775 784 
784 775
775 776 
776 775
776 777 
777 776
776 784 
784 776
776 785 
785 776
777 785 
785 777
777 786 
786 777
777 778 
778 777
778 779 
779 778
778 786 
786 778
778 787 
787 778
779 787 
787 779
779 788 
788 779
779 780 
780 779
780 788 
788 780
780 789 
789 780
780 781 
781 780
781 782 
782 781
781 789 
789 781
781 790 
790 781
782 790 
790 782
782 791 
791 782
782 871 
871 782
782 866 
866 782
783 792 
792 783
783 793 
793 783
783 784 
784 783
784 793 
793 784
784 794 
794 784
784 785 
785 784
785 794 
794 785
785 795 
795 785
785 786 
786 785
786 787 
787 786
786 795 
795 786
786 796 
796 786
787 796 
796 787
787 797 
797 787
787 788 
788 787
788 797 
797 788
788 798 
798 788
788 789 
789 788
789 798 
798 789
789 799 
799 789
789 790 
790 789
790 791 
791 790
790 799 
799 790
790 800 
800 790
791 800 
800 791
791 801 
801 791
791 876 
876 791
791 871 
871 791
792 793 
793 792
792 802 
802 792
792 803 
803 792
793 803 
803 793
793 804 
804 793
793 794 
794 793
794 795 
795 794
794 804 
804 794
794 805 
805 794
795 805 
805 795
795 806 
806 795
795 796 
796 795
796 797 
797 796
796 806 
806 796
796 807 
807 796
797 798 
798 797
797 807 
807 797
797 808 
808 797
798 808 
808 798
798 809 
809 798
798 799 
799 798
799 800 
800 799
799 809 
809 799
799 810 
810 799
800 801 
801 800
800 810 
810 800
800 811 
811 800
801 811 
811 801
801 884 
884 801
801 880 
880 801
801 876 
876 801
802 812 
812 802
802 813 
813 802
802 803 
803 802
803 813 
813 803
803 814 
814 803
803 804 
804 803
804 815 
815 804
804 805 
805 804
804 814 
814 804
805 806 
806 805
805 815 
815 805
805 816 
816 805
806 816 
816 806
806 817 
817 806
806 807 
807 806
807 808 
808 807
807 817 
817 807
807 818 
818 807
808 818 
818 808
808 819 
819 808
808 809 
809 808
809 819 
819 809
809 820 
820 809
809 810 
810 809
810 811 
811 810
810 820 
820 810
810 821 
821 810
811 884 
884 811
811 821 
821 811
811 888 
888 811
812 822 
822 812
812 823 
823 812
812 813 
813 812
813 814 
814 813
813 823 
823 813
813 824 
824 813
814 824 
824 814
814 825 
825 814
814 815 
815 814
815 816 
816 815
815 825 
825 815
815 826 
826 815
816 826 
826 816
816 827 
827 816
816 817 
817 816
817 827 
827 817
817 828 
828 817
817 818 
818 817
818 828 
828 818
818 829 
829 818
818 819 
819 818
819 820 
820 819
819 829 
829 819
819 830 
830 819
820 830 
830 820
820 831 
831 820
820 821 
821 820
821 888 
888 821
821 831 
831 821
821 893 
893 821
822 832 
832 822
822 823 
823 822
823 832 
832 823
823 833 
833 823
823 824 
824 823
824 833 
833 824
824 834 
834 824
824 825 
825 824
825 834 
834 825
825 835 
835 825
825 826 
826 825
826 835 
835 826
826 836 
836 826
826 827 
827 826
827 836 
836 827
827 837 
837 827
827 828 
828 827
828 829 
829 828
828 837 
837 828
828 838 
838 828
829 838 
838 829
829 839 
839 829
829 830 
830 829
830 831 
831 830
830 839 
839 830
830 840 
840 830
831 840 
840 831
831 898 
898 831
831 893 
893 831
832 833 
833 832
832 841 
841 832
832 842 
842 832
833 842 
842 833
833 843 
843 833
833 834 
834 833
834 835 
835 834
834 843 
843 834
834 844 
844 834
835 844 
844 835
835 845 
845 835
835 836 
836 835
836 837 
837 836
836 845 
845 836
836 846 
846 836
837 846 
846 837
837 847 
847 837
837 838 
838 837
838 847 
847 838
838 848 
848 838
838 839 
839 838
839 848 
848 839
839 849 
849 839
839 840 
840 839
840 849 
849 840
840 850 
850 840
840 898 
898 840
841 842 
842 841
842 843 
843 842
843 844 
844 843
844 851 
851 844
844 845 
845 844
845 846 
846 845
845 851 
851 845
845 852 
852 845
846 847 
847 846
846 852 
852 846
846 853 
853 846
847 853 
853 847
847 854 
854 847
847 848 
848 847
848 854 
854 848
848 855 
855 848
848 849 
849 848
849 850 
850 849
849 855 
855 849
849 856 
856 849
850 856 
856 850
850 909 
909 850
850 904 
904 850
850 898 
898 850
851 852 
852 851
851 857 
857 851
852 853 
853 852
852 857 
857 852
852 858 
858 852
853 858 
858 853
853 859 
859 853
853 854 
854 853
854 859 
859 854
854 860 
860 854
854 855 
855 854
855 856 
856 855
855 860 
860 855
855 861 
861 855
856 861 
861 856
856 915 
915 856
856 909 
909 856
857 862 
862 857
857 858 
858 857
858 859 
859 858
858 862 
862 858
858 863 
863 858
859 863 
863 859
859 864 
864 859
859 860 
860 859
860 864 
864 860
860 865 
865 860
860 861 
861 860
861 865 
865 861
861 921 
921 861
861 915 
915 861
862 863 
863 862
863 864 
864 863
864 865 
865 864
865 928 
928 865
865 921 
921 865
866 871 
871 866
866 867 
867 866
866 868 
868 866
866 870 
870 866
867 871 
871 867
867 872 
872 867
867 868 
868 867
868 869 
869 868
868 870 
870 868
868 872 
872 868
868 873 
873 868
869 873 
873 869
869 874 
874 869
869 870 
870 869
870 874 
874 870
870 875 
875 870
871 872 
872 871
871 876 
876 871
872 876 
876 872
872 877 
877 872
872 873 
873 872
873 877 
877 873
873 878 
878 873
873 874 
874 873
874 875 
875 874
874 878 
878 874
874 879 
879 874
875 879 
879 875
875 883 
883 875
876 877 
877 876
876 880 
880 876
877 880 
880 877
877 881 
881 877
877 878 
878 877
878 879 
879 878
878 881 
881 878
878 882 
882 878
879 882 
882 879
879 883 
883 879
880 881 
881 880
880 884 
884 880
880 885 
885 880
881 885 
885 881
881 886 
886 881
881 882 
882 881
882 883 
883 882
882 886 
886 882
882 887 
887 882
883 887 
887 883
883 892 
892 883
883 903 
903 883
884 888 
888 884
884 889 
889 884
884 885 
885 884
885 889 
889 885
885 890 
890 885
885 886 
886 885
886 890 
890 886
886 891 
891 886
886 887 
887 886
887 891 
891 887
887 892 
892 887
888 893 
893 888
888 894 
894 888
888 889 
889 888
889 890 
890 889
889 894 
894 889
889 895 
895 889
890 895 
895 890
890 896 
896 890
890 891 
891 890
891 892 
892 891
891 896 
896 891
891 897 
897 891
892 897 
897 892
892 903 
903 892
893 894 
894 893
893 898 
898 893
893 899 
899 893
894 899 
899 894
894 900 
900 894
894 895 
895 894
895 900 
900 895
895 901 
901 895
895 896 
896 895
896 897 
897 896
896 901 
901 896
896 902 
902 896
897 902 
902 897
897 903 
903 897
898 904 
904 898
898 899 
899 898
899 900 
900 899
899 904 
904 899
899 905 
905 899
900 901 
901 900
900 905 
905 900
900 906 
906 900
901 906 
906 901
901 907 
907 901
901 902 
902 901
902 907 
907 902
902 908 
908 902
902 903 
903 902
903 908 
908 903
903 914 
914 903
903 941 
941 903
904 909 
909 904
904 910 
910 904
904 905 
905 904
905 906 
906 905
905 910 
910 905
905 911 
911 905
906 911 
911 906
906 912 
912 906
906 907 
907 906
907 908 
908 907
907 912 
912 907
907 913 
913 907
908 913 
913 908
908 914 
914 908
909 915 
915 909
909 916 
916 909
909 910 
910 909
910 916 
916 910
910 917 
917 910
910 911 
911 910
911 912 
912 911
911 917 
917 911
911 918 
918 911
912 913 
913 912
912 918 
918 912
912 919 
919 912
913 914 
914 913
913 919 
919 913
913 920 
920 913
914 920 
920 914
914 927 
927 914
914 941 
941 914
915 916 
916 915
915 921 
921 915
915 922 
922 915
916 922 
922 916
916 923 
923 916
916 917 
917 916
917 923 
923 917
917 924 
924 917
917 918 
918 917
918 919 
919 918
918 924 
924 918
918 925 
925 918
919 925 
925 919
919 926 
926 919
919 920 
920 919
920 926 
926 920
920 927 
927 920
921 928 
928 921
921 929 
929 921
921 922 
922 921
922 923 
923 922
922 929 
929 922
922 930 
930 922
923 924 
924 923
923 930 
930 923
923 931 
931 923
924 931 
931 924
924 932 
932 924
924 925 
925 924
925 926 
926 925
925 932 
932 925
925 933 
933 925
926 927 
927 926
926 933 
933 926
926 934 
934 926
927 934 
934 927
927 941 
941 927
928 935 
935 928
928 929 
929 928
929 930 
930 929
929 935 
935 929
929 936 
936 929
930 931 
931 930
930 936 
936 930
930 937 
937 930
931 932 
932 931
931 937 
937 931
931 938 
938 931
932 938 
938 932
932 939 
939 932
932 933 
933 932
933 939 
939 933
933 940 
940 933
933 934 
934 933
934 941 
941 934
934 940 
940 934
935 942 
942 935
935 936 
936 935
936 942 
942 936
936 943 
943 936
936 937 
937 936
937 938 
938 937
937 943 
943 937
937 944 
944 937
938 944 
944 938
938 945 
945 938
938 939 
939 938
939 940 
940 939
939 945 
945 939
939 946 
946 939
940 946 
946 940
940 947 
947 940
940 941 
941 940
941 947 
947 941
941 954 
954 941
942 943 
943 942
942 948 
948 942
942 949 
949 942
943 949 
949 943
943 950 
950 943
943 944 
944 943
944 945 
945 944
944 950 
950 944
944 951 
951 944
945 951 
951 945
945 952 
952 945
945 946 
946 945
946 953 
953 946
946 947 
947 946
946 952 
952 946
947 953 
953 947
947 954 
954 947
948 955 
955 948
948 949 
949 948
949 950 
950 949
949 955 
955 949
949 956 
956 949
950 951 
951 950
950 956 
956 950
950 957 
957 950
951 957 
957 951
951 958 
958 951
951 952 
952 951
952 958 
958 952
952 959 
959 952
952 953 
953 952
953 954 
954 953
953 959 
959 953
953 960 
960 953
954 960 
960 954
955 956 
956 955
956 957 
957 956
957 958 
958 957
958 959 
959 958
959 960 
960 959
