0 -0.030535 -0.006184 
1 -0.000512 0.348217
2 0.004617 0.628202 
3 0.002187 0.911807 
4 -0.003462 1.247746 
5 0.04442 1.572008 
6 -0.014976 1.909424 
7 -0.014059 2.183471 
8 -0.029625 2.538953 
9 -0.021484 2.875943 
10 0.024267 3.174581 
11 0.020684 3.436241 
12 0.037092 3.80924 
13 -0.00983 4.100409 
14 0.004247 4.407804 
15 -0.011565 4.699969 
16 -0.017727 5.019868 
17 0.045801 5.402168 
18 0.009371 5.657796 
19 -0.038127 5.96953 
20 0.04138 6.333741 
21 -0.034171 6.618937 
22 0.015566 6.988845 
23 -0.046065 7.25273 
24 -0.002534 7.597962 
25 -0.038953 7.875565 
26 -0.041334 8.235564 
27 -0.005531 8.504504 
28 0.001416 8.866761 
29 0.007772 9.123302 
30 -0.023729 9.506066 
31 0.31227 0.147859 
32 0.277746 0.500777 
33 0.361602 0.785238 
34 0.320228 1.14132 
35 0.284441 1.458657 
36 0.357169 1.767906 
37 0.305212 2.016358 
38 0.30186 2.352889 
39 0.272139 2.651473 
40 0.341513 2.97701 
41 0.301688 3.32888 
42 0.317179 3.614457 
43 0.319839 3.942164 
44 0.340331 4.245334 
45 0.343497 4.585209 
46 0.290727 4.905843 
47 0.279205 5.221224 
48 0.305893 5.524507 
49 0.334284 5.893606 
50 0.352713 6.147954 
51 0.317342 6.478849 
52 0.288803 6.832578 
53 0.270883 7.127904 
54 0.332093 7.46064 
55 0.357292 7.755119 
56 0.329233 8.043583 
57 0.356717 8.369344 
58 0.326375 8.701966 
59 0.281292 9.003458 
60 0.331374 9.370125 
61 0.294316 9.622285 
62 0.593631 -0.01247 
63 0.609443 0.347362 
64 0.626261 0.638958 
65 0.604764 0.920364 
66 0.614004 1.292382 
67 0.638979 1.585665 
68 0.667471 1.923854 
69 0.639744 2.17425 
70 0.642517 2.512808 
71 0.589364 2.888155 -2500
72 0.642239 3.199299 
73 0.630773 3.463784 
74 0.6531 3.754035 
75 0.6736 4.082873 
76 0.624323 4.412229 
77 0.589567 4.782681 
78 0.652094 5.078318 
79 0.628812 5.415596 
80 0.634965 5.699861 
81 0.678718 5.985021 
82 0.614144 6.311601 
83 0.621713 6.671041 
84 0.612107 6.953921 
85 0.646516 7.23965 
86 0.619519 7.580722 
87 0.66503 7.921012 
88 0.603363 8.185202 
89 0.660453 8.520946 
90 0.647548 8.821457 
91 0.665871 9.178291 
92 0.649804 9.478986 
93 0.968001 0.128684 
94 0.948557 0.50966 
95 0.913293 0.791151 
96 0.919769 1.121913 
97 0.986282 1.390879 
98 0.969275 1.728706 
99 0.967465 2.046606 
100 0.905714 2.332197 
101 0.975189 2.677058 
102 0.946242 3.017421 
103 0.90995 3.279302 
104 0.960394 3.629461 
105 0.981725 3.936424 
106 0.973178 4.229745 
107 0.949058 4.552254 
108 0.963767 4.927233 
109 0.970392 5.221395 
110 0.932158 5.556175 
111 0.917294 5.803675 
112 0.939782 6.131543 
113 0.903585 6.466585 
114 0.919042 6.776982 
115 0.904939 7.120669 
116 0.903493 7.4013 
117 0.96551 7.765834 
118 0.931994 8.072912 
119 0.90756 8.397046 
120 0.967032 8.648979 
121 0.951931 9.00076 
122 0.920276 9.339556 
123 0.910275 9.653471 
124 1.306295 0.042891
125 1.236806 0.330426 
126 1.260324 0.629256 
127 1.227629 0.908691 
128 1.251118 1.227359 
129 1.270907 1.61152 
130 1.293478 1.869588 
131 1.243433 2.2464 
132 1.277586 2.490829 
133 1.252425 2.840163 
134 1.220303 3.147064 
135 1.269055 3.439005 
136 1.271983 3.814679 
137 1.294559 4.134792 
138 1.242544 4.405735 
139 1.22153 4.749831 
140 1.259183 5.1018 
141 1.298049 5.407642 
142 1.290396 5.714833 
143 1.307936 5.99001 
144 1.285597 6.319315 
145 1.222388 6.599118 
146 1.278495 6.966413 
147 1.257811 7.251612 
148 1.250633 7.624922 
149 1.267224 7.85979 
150 1.27657 8.196302 
151 1.273471 8.540952 
152 1.219775 8.835916 
153 1.218137 9.202594 
154 1.274692 9.453368 
155 1.579372 0.113291
156 1.621138 0.488657
157 1.606538 0.828335
158 1.577139 1.124943
159 1.539284 1.426663
160 1.600786 1.746806
161 1.611405 2.038447
162 1.551156 2.388199
163 1.582171 2.660006
164 1.62046 3.046967
165 1.591648 3.308469
166 1.623864 3.683324
167 1.60276 3.93103
168 1.5958 4.246161
169 1.594923 4.631729
170 1.534597 4.871665
171 1.572261 5.18083 
172 1.623606 5.497664
173 1.621826 5.835882
174 1.574119 6.132058
175 1.549926 6.486474
176 1.597436 6.778241
177 1.560578 7.159423
178 1.607214 7.386451
179 1.539132 7.792463
180 1.58047 8.051853
181 1.608794 8.368355
182 1.622491 8.727153
183 1.621762 9.037283
184 1.559119 9.372312
185 1.561569 9.633368
186 1.883169 -0.046972
187 1.939853 0.26894
188 1.852733 0.595073
189 1.886163 0.981043
190 1.891572 1.222256
191 1.911863 1.580118
192 1.897392 1.942156
193 1.855668 2.167521
194 1.866873 2.489361
195 1.882435 2.877708
196 1.913022 3.205007
197 1.859965 3.439375
198 1.871552 3.759221
199 1.861416 4.15147
200 1.868444 4.455517
201 1.872177 4.772157
202 1.871589 5.083456
203 1.896324 5.409904
204 1.926732 5.646462
205 1.860946 6.035612
206 1.927764 6.323911
207 1.87062 6.687111
208 1.943768 6.966554
209 1.925572 7.258682
210 1.915201 7.632151
211 1.894212 7.905282
212 1.877544 8.239286
213 1.856993 8.493289
214 1.936891 8.886898
215 1.876268 9.212973
216 1.917187 9.474046
217 2.175237 0.16921
218 2.187782 0.49237
219 2.243692 0.77361
220 2.234276 1.118222
221 2.220164 1.422552
222 2.208357 1.784859
223 2.182564 2.019738
224 2.189543 2.330692
225 2.213089 2.677614
226 2.219674 2.993008
227 2.245647 3.326949
228 2.194508 3.618204
229 2.179954 3.981503
230 2.186411 4.221702
231 2.228985 4.594288
232 2.21372 4.903364
233 2.201877 5.231509
234 2.169047 5.554582
235 2.250462 5.890209
236 2.243466 6.149438
237 2.200843 6.51171
238 2.200418 6.785159
239 2.222976 7.106617
240 2.200347 7.383924
241 2.199356 7.755608
242 2.255836 8.09386
243 2.212999 8.350724
244 2.230289 8.733351
245 2.222686 8.971754
246 2.227498 9.28916
247 2.249419 9.670053
248 2.485927 -0.002157
249 2.549777 0.28244
250 2.570279 0.67956
251 2.500139 0.903632
252 2.519257 1.288139
253 2.48534 1.627103
254 2.557429 1.915259
255 2.518231 2.256021
256 2.575064 2.528358
257 2.486895 2.888794
258 2.576739 3.147747
259 2.546558 3.434124
260 2.543789 3.759362
261 2.556655 4.105846
262 2.574074 4.413582
263 2.487214 4.78504
264 2.53215 5.048437
265 2.516535 5.41723
266 2.557417 5.729356
267 2.490493 5.989334
268 2.514884 6.311524
269 2.538933 6.610378
270 2.499887 6.925574
271 2.529512 7.311854
272 2.549927 7.583088
273 2.52998 7.947675
274 2.563651 8.216756
275 2.522874 8.518005
276 2.501972 8.874346
277 2.506775 9.171852
278 2.504997 9.487567
279 2.805975 0.169347
280 2.883217 0.509511
281 2.810118 0.836485
282 2.846888 1.120081
283 2.807039 1.439463
284 2.870866 1.721446
285 2.872486 2.088941
286 2.848296 2.376104
287 2.886636 2.721739
288 2.824164 3.033551
289 2.843289 3.339818
290 2.809902 3.653935
291 2.835033 3.947151
292 2.838903 4.242495
293 2.881018 4.589791
294 2.874506 4.913891
295 2.819141 5.232235
296 2.877593 5.535355
297 2.869775 5.838036
298 2.828319 6.177999
299 2.867167 6.509806
300 2.839885 6.844761
301 2.804141 7.128048
302 2.850752 7.397591
303 2.839322 7.792525
304 2.845696 8.018391
305 2.877091 8.333691
306 2.799693 8.671548
307 2.836278 9.044408
308 2.84921 9.301582
309 2.811799 9.638774
310 3.193552 0.001144
311 3.122906 0.278385
312 3.130641 0.621335
313 3.175221 0.954379
314 3.140253 1.228259
315 3.181888 1.550772
316 3.176954 1.903884
317 3.122297 2.223311
318 3.181337 2.550996
319 3.173667 2.87573 
320 3.170139 3.125436
321 3.164155 3.518157
322 3.122882 3.821341
323 3.140454 4.066902
324 3.204457 4.408651
325 3.172264 4.756845
326 3.15366 5.045818
327 3.14991 5.361843
328 3.161403 5.689748
329 3.165968 5.961567
330 3.202211 6.328865
331 3.208515 6.621821
332 3.116121 6.91273
333 3.204801 7.232526
334 3.121458 7.601524
335 3.169582 7.886675
336 3.137062 8.218904
337 3.196896 8.547124
338 3.120419 8.837098
339 3.120204 9.178304
340 3.140344 9.455738
341 3.493489 0.161564
342 3.460843 0.451495
343 3.516704 0.791946
344 3.518604 1.134432
345 3.514363 1.458597
346 3.484772 1.785128
347 3.52093 2.022872
348 3.440834 2.392214
349 3.452045 2.729369
350 3.500687 3.049227
351 3.512486 3.337982
352 3.499232 3.678381
353 3.499226 3.993816
354 3.523357 4.314463
355 3.521502 4.571529
356 3.497811 4.881289
357 3.520789 5.201793
358 3.517576 5.500255
359 3.506198 5.851541
360 3.464846 6.156485
361 3.479646 6.494969
362 3.499043 6.759478
363 3.441867 7.078036
364 3.437733 7.415566
365 3.510328 7.751745
366 3.464483 8.047855
367 3.434261 8.342138
368 3.443152 8.698216
369 3.458967 9.027531
370 3.476635 9.344876
371 3.475818 9.624667
372 3.788102 -0.038587
373 3.784313 0.345251
374 3.758335 0.586628
375 3.765084 0.947229
376 3.803205 1.24113
377 3.808832 1.559325
378 3.820608 1.855205
379 3.752898 2.192294
380 3.777364 2.521086
381 3.828496 2.877637
382 3.811805 3.182302
383 3.762641 3.524676
384 3.768724 3.83079
385 3.81445 4.147527
386 3.757598 4.405276
387 3.801368 4.764776
388 3.802568 5.085188
389 3.839767 5.408321
390 3.840311 5.679952
391 3.807602 6.03368
392 3.833035 6.294426
393 3.795141 6.661744
394 3.839692 6.993073
395 3.814799 7.259389
396 3.790406 7.589085
397 3.838259 7.901041
398 3.761103 8.198917
399 3.794375 8.496922
400 3.749068 8.901192
401 3.828398 9.123989
402 3.839368 9.471773
403 4.077975 0.143444
404 4.072683 0.480445
405 4.130319 0.758307
406 4.147407 1.085763
407 4.157958 1.41582
408 4.121978 1.715945
409 4.09153 2.016159
410 4.132026 2.365017
411 4.107243 2.716808
412 4.070039 3.010434
413 4.137785 3.330483
414 4.090283 3.650161
415 4.1417 3.970333
416 4.099581 4.257826
417 4.122743 4.581556
418 4.080113 4.943837
419 4.138644 5.193463
420 4.083507 5.500377
421 4.069447 5.865251
422 4.101179 6.162364
423 4.13196 6.443251
424 4.06402 6.784813
425 4.146046 7.149636
426 4.086143 7.448854
427 4.109419 7.708871
428 4.143624 8.026917
429 4.146422 8.359857
430 4.155526 8.742746
431 4.098565 9.040167
432 4.102393 9.363148
433 4.064815 9.656394
434 4.392387 0.033596
435 4.472172 0.358664
436 4.441812 0.667527
437 4.470787 0.9622
438 4.41921 1.259524
439 4.447466 1.617106
440 4.467553 1.901423
441 4.394882 2.253697
442 4.399224 2.49472 
443 4.3988 2.886897
444 4.408563 3.183317
445 4.462799 3.43442
446 4.437765 3.804243
447 4.414113 4.098298
448 4.416623 4.456666
449 4.440408 4.709078
450 4.389335 5.042895
451 4.461319 5.416638 10000
452 4.45831 5.712519
453 4.401798 5.990441
454 4.468274 6.344838 
455 4.417519 6.610285
456 4.396434 6.949589
457 4.388665 7.260114
458 4.401446 7.596744
459 4.463966 7.861534
460 4.429591 8.227382
461 4.418547 8.548951
462 4.417196 8.831856
463 4.464362 9.191189
464 4.414188 9.534222
465 4.755789 0.118873
466 4.758486 0.490914
467 4.711802 0.783227
468 4.700989 1.137903
469 4.712942 1.43598
470 4.779394 1.74418
471 4.711724 2.060515
472 4.769935 2.356707
473 4.746834 2.659348
474 4.699089 2.97005
475 4.744312 3.34191
476 4.784276 3.675674
477 4.715993 3.956342
478 4.733574 4.315564
479 4.754666 4.53841
480 4.707158 4.872913
481 4.774462 5.180471
482 4.741515 5.540587
483 4.714535 5.895532
484 4.782031 6.192935
485 4.72181 6.477329
486 4.784022 6.774052
487 4.76942 7.096855
488 4.712349 7.446678
489 4.760686 7.715634
490 4.70726 8.063249
491 4.739822 8.378001
492 4.734918 8.698965
493 4.742856 8.991898
494 4.701788 9.307223
495 4.71577 9.616776
496 5.028006 -0.043065
497 5.071777 0.322176
498 5.073256 0.678464
499 5.090284 0.910411
500 5.085085 1.260086
501 5.063796 1.55458
502 5.106075 1.861648
503 5.056853 2.184889
504 5.073 2.574336
505 5.095903 2.806987
506 5.013158 3.206445
507 5.082605 3.434256
508 5.101865 3.836121
509 5.085751 4.079897
510 5.059894 4.472363
511 5.01449 4.750226
512 5.013441 5.015428
513 5.065154 5.355566
514 5.036678 5.717215
515 5.090418 6.013809
516 5.039165 6.370198
517 5.07462 6.670224
518 5.08249 6.927216
519 5.090308 7.270494
520 5.026552 7.573571
521 5.084813 7.887621
522 5.048483 8.259693
523 5.024048 8.511905
524 5.079054 8.814439
525 5.065406 9.161437
526 5.03463 9.528054
527 5.390026 0.133075
528 5.413122 0.49296
529 5.346333 0.743779
530 5.41144 1.107086
531 5.361674 1.423826
532 5.356078 1.702237
533 5.384435 2.068637
534 5.374419 2.376877
535 5.404669 2.65908
536 5.414165 3.024478
537 5.347868 3.277948
538 5.336113 3.652865
539 5.38533 3.911001
540 5.331998 4.241206
541 5.380409 4.620148
542 5.349243 4.904021
543 5.341789 5.256277
544 5.41158 5.579597
545 5.333894 5.842906
546 5.382278 6.168615
547 5.347446 6.458058
548 5.369831 6.796155
549 5.348608 7.135951
550 5.399431 7.472601
551 5.384495 7.714059
552 5.410632 8.053681
553 5.348221 8.383604
554 5.411781 8.729961
555 5.416684 8.975195
556 5.363959 9.308235
557 5.340907 9.641264
558 5.648249 0.007609
559 5.707206 0.301095
560 5.667799 0.677829
561 5.702796 0.903384
562 5.678518 1.277324
563 5.659395 1.62032
564 5.724571 1.874191
565 5.684841 2.248956
566 5.705266 2.495245
567 5.734126 2.80912
568 5.707754 3.156267
569 5.711735 3.459317 -2500
570 5.705624 3.753856
571 5.722799 4.111772
572 5.662423 4.437952
573 5.726588 4.70707
574 5.696865 5.042727
575 5.647825 5.405272
576 5.730142 5.663403
577 5.720416 5.980287
578 5.71004 6.346832
579 5.722743 6.627282
580 5.653959 6.96857
581 5.710489 7.25326
582 5.706026 7.5753
583 5.668973 7.910779
584 5.679979 8.200542
585 5.737139 8.57235
586 5.704393 8.807415
587 5.719707 9.15654
588 5.72994 9.472388
589 5.977561 0.171645
590 5.963906 0.498047
591 5.966779 0.745613
592 6.034751 1.133613
593 6.034522 1.413345
594 5.981902 1.696391
595 6.039561 2.013633
596 6.041366 2.370973
597 6.003196 2.672927
598 6.039095 3.042089
599 6.021691 3.319567
600 6.010436 3.662553
601 6.012919 3.99194
602 6.027547 4.240094
603 5.995324 4.608132
604 6.051272 4.917109
605 5.99544 5.209361 -2500
606 6.040947 5.547902
607 5.984488 5.89151
608 6.021009 6.138747
609 5.966993 6.457002
610 5.962223 6.75496
611 6.033216 7.132692
612 6.051852 7.44493
613 6.028004 7.725682
614 6.04487 8.048584
615 6.020001 8.359938
616 6.003216 8.682254
617 6.037936 9.04976
618 5.986376 9.355097
619 6.05025 9.648793
620 6.341322 -0.029184
621 6.3312 0.279526
622 6.371249 0.667879
623 6.359207 0.914869
624 6.345673 1.245332
625 6.333091 1.537267
626 6.349018 1.935408
627 6.279053 2.196104
628 6.303701 2.546476
629 6.344449 2.876113
630 6.363735 3.165433
631 6.358422 3.465669
632 6.363833 3.831223
633 6.29216 4.110373
634 6.331776 4.391699
635 6.341952 4.760241
636 6.353062 5.098423
637 6.367308 5.334188
638 6.354481 5.713808
639 6.371145 5.984077
640 6.330715 6.333468
641 6.363923 6.65213
642 6.365659 6.980232
643 6.294521 7.25781
644 6.357884 7.574295
645 6.288779 7.950561
646 6.365887 8.193039
647 6.332459 8.528394
648 6.31187 8.888539
649 6.313848 9.137809
650 6.337452 9.476755
651 6.611679 0.124635
652 6.668894 0.476754
653 6.602036 0.826325
654 6.669405 1.146158
655 6.643201 1.443682
656 6.675898 1.704071
657 6.648389 2.011032
658 6.630674 2.353845
659 6.642781 2.673303
660 6.626943 3.008414
661 6.619159 3.352894
662 6.650405 3.629924
663 6.672785 3.943893
664 6.600628 4.266822
665 6.657155 4.615338
666 6.650318 4.919642
667 6.664388 5.186581
668 6.636127 5.526904
669 6.601598 5.874585
670 6.676394 6.14842
671 6.613129 6.518953
672 6.644748 6.795154
673 6.636658 7.095547
674 6.636438 7.410514
675 6.632269 7.765516
676 6.61947 8.082753
677 6.646505 8.362508
678 6.631357 8.66861
679 6.677763 8.998489
680 6.608118 9.304817
681 6.650034 9.59778
682 6.998939 0.01201
683 6.965686 0.349652
684 6.960155 0.617013
685 6.977948 0.932831
686 6.94772 1.290033
687 6.95993 1.557469
688 6.95603 1.936752
689 6.958009 2.167158
690 6.912164 2.492108
691 6.968469 2.826829
692 6.997003 3.146417
693 6.973698 3.519198
694 7.001417 3.827106
695 6.944896 4.1532
696 6.937457 4.402718
697 6.918729 4.708754
698 6.935974 5.042094
699 6.939016 5.395993
700 6.935708 5.651278
701 6.947505 5.975055
702 7.002712 6.281976
703 6.961628 6.653958
704 6.980527 6.975316
705 6.977592 7.254444
706 6.968353 7.558887
707 6.944611 7.879586
708 6.922573 8.268995
709 6.978926 8.539206
710 6.910902 8.867731
711 6.915833 9.170669
712 6.973355 9.489721
713 7.229965 0.183194
714 7.227096 0.510456
715 7.279923 0.754004
716 7.272788 1.06085
717 7.25031 1.422152
718 7.234796 1.737909
719 7.31643 2.098045
720 7.252964 2.324894
721 7.315241 2.704345
722 7.231754 3.007919
723 7.320524 3.283594
724 7.263495 3.642363
725 7.320337 3.950438
726 7.266864 4.284001
727 7.312597 4.572448
728 7.257285 4.902141
729 7.281372 5.19558
730 7.252882 5.494956
731 7.315416 5.82184
732 7.255162 6.186395
733 7.236828 6.436482
734 7.232275 6.818245
735 7.274725 7.085107
736 7.298557 7.447003
737 7.28578 7.72657
738 7.262792 8.051824
739 7.232868 8.388731
740 7.273768 8.699098
741 7.301793 8.966352
742 7.319775 9.325841
743 7.262961 9.660114
744 7.581407 0.042401
745 7.575694 0.305619
746 7.560145 0.647676
747 7.55142 0.945596
748 7.580476 1.277458
749 7.553291 1.551545
750 7.585085 1.856207
751 7.61712 2.256362
752 7.636849 2.516465
753 7.633752 2.835462
754 7.577953 3.137769
755 7.575055 3.44184
756 7.580802 3.785105
757 7.584908 4.075468
758 7.618025 4.467693
759 7.611954 4.746206
760 7.624122 5.024189
761 7.634398 5.354289
762 7.558261 5.713721
763 7.620729 5.968346
764 7.601173 6.347785
765 7.634479 6.644397
766 7.622309 6.933291
767 7.624638 7.313878
768 7.617566 7.606254
769 7.551788 7.923836
770 7.585512 8.202325
771 7.621545 8.542076
772 7.63668 8.825701
773 7.553385 9.153473
774 7.622253 9.493035
775 7.884442 0.141055
776 7.870203 0.470019
777 7.917462 0.757065
778 7.892157 1.064372
779 7.947447 1.428955
780 7.94069 1.701357
781 7.913295 2.07213
782 7.9502 2.3591
783 7.909109 2.719149
784 7.868577 2.988398
785 7.860804 3.331447
786 7.952672 3.6571
787 7.883114 3.929796
788 7.86004 4.291375
789 7.8648 4.607711
790 7.878648 4.885641
791 7.888653 5.260981
792 7.894409 5.521096
793 7.926307 5.886752
794 7.888782 6.174842
795 7.868072 6.43839
796 7.861355 6.819275
797 7.896686 7.122923
798 7.861335 7.422763
799 7.875401 7.723757
800 7.913433 8.04681
801 7.871514 8.374861
802 7.878303 8.699642
803 7.930411 9.026311
804 7.874493 9.365328
805 7.859415 9.639583
806 8.233483 0.03132
807 8.222562 0.325566
808 8.252449 0.650109
809 8.204789 0.958822
810 8.209069 1.254845
811 8.224271 1.597538
812 8.268986 1.861025
813 8.180979 2.236608
814 8.217678 2.546626
815 8.193912 2.814827
816 8.195079 3.119178
817 8.194642 3.502917
818 8.198985 3.839056
819 8.203934 4.070493
820 8.216069 4.472827
821 8.206636 4.737865
822 8.226324 5.028075
823 8.253732 5.41164
824 8.242923 5.656238
825 8.18517 5.998647
826 8.175178 6.347932
827 8.195376 6.657119
828 8.236542 6.98114
829 8.250985 7.238311
830 8.225835 7.597699
831 8.229748 7.911072
832 8.224507 8.176695
833 8.220594 8.532817
834 8.250688 8.821561
835 8.268374 9.128819
836 8.222084 9.470022
837 8.567984 0.129585
838 8.501775 0.432871
839 8.561157 0.82345
840 8.582747 1.131473
841 8.516712 1.437109
842 8.509512 1.709404
843 8.526727 2.017639
844 8.538354 2.41647
845 8.528877 2.654056
846 8.493353 2.978419
847 8.491633 3.279324
848 8.547919 3.610089
849 8.501782 3.95916
850 8.573595 4.282827
851 8.563603 4.61629
852 8.555499 4.857569
853 8.492127 5.194277
854 8.556251 5.578976
855 8.497957 5.843284
856 8.529172 6.200681
857 8.542279 6.515333 -2500
858 8.541993 6.756841
859 8.510209 7.100627
860 8.565622 7.413165
861 8.551394 7.790814
862 8.501531 8.07191
863 8.529843 8.38718
864 8.557702 8.652297
865 8.514882 8.97853
866 8.52201 9.289413
867 8.524891 9.639228
868 8.853002 0.028602
869 8.890461 0.276281
870 8.807307 0.635757
871 8.814626 0.992874
872 8.900239 1.298181
873 8.810279 1.564535
874 8.88369 1.856631
875 8.820483 2.205341
876 8.859793 2.547812
877 8.816034 2.823023
878 8.847882 3.207935
879 8.823218 3.472315
880 8.880904 3.807816
881 8.824775 4.125382
882 8.862961 4.473418
883 8.8181 4.746791
884 8.816481 5.038637
885 8.871351 5.401641
886 8.892726 5.696555
887 8.828395 6.006079
888 8.860279 6.366284
889 8.863773 6.683307
890 8.836744 6.96604
891 8.824776 7.272742
892 8.869592 7.620514
893 8.809229 7.873422
894 8.885755 8.267325
895 8.835868 8.544259
896 8.873597 8.864547
897 8.825226 9.213582
898 8.813913 9.501336
899 9.140859 0.136721
900 9.123835 0.489383
901 9.173238 0.806797
902 9.207801 1.153197
903 9.1783 1.435144
904 9.138688 1.695019
905 9.133625 2.089757
906 9.208542 2.331071
907 9.187664 2.722487
908 9.201878 3.011321
909 9.204835 3.2983
910 9.217595 3.625263
911 9.204085 3.967635
912 9.213617 4.254092
913 9.215327 4.544201
914 9.176712 4.863063
915 9.211403 5.185155
916 9.199045 5.563802
917 9.16659 5.826163
918 9.184878 6.122109
919 9.18084 6.475195
920 9.196048 6.791524
921 9.1872 7.155968
922 9.20273 7.432876
923 9.126928 7.787238
924 9.161696 8.08807
925 9.143904 8.369179
926 9.182673 8.736723
927 9.172012 9.024076
928 9.198474 9.355231
929 9.177077 9.679994
930 9.465079 0.032221
931 9.439785 0.275901
932 9.517554 0.639403
933 9.508295 0.992694
934 9.445296 1.257699
935 9.475123 1.546642
936 9.478261 1.937936
937 9.477338 2.189627
938 9.513125 2.561947
939 9.527174 2.825027
940 9.513837 3.130315
941 9.474477 3.477845
942 9.500634 3.819467
943 9.44608 4.149983
944 9.452408 4.403693
945 9.508734 4.708224
946 9.496134 5.045425
947 9.499686 5.34344
948 9.456302 5.738601
949 9.476243 6.017489
950 9.48824 6.33796
951 9.467905 6.606363
952 9.485909 6.977774
953 9.501834 7.232287
954 9.492118 7.588799
955 9.505022 7.884795
956 9.468423 8.181664
957 9.450659 8.520641
958 9.488969 8.876546
959 9.489734 9.166807
960 9.4654 9.464768
#
0 23 
23 0
0 186 
186 0
0 62 
62 0
0 31 
31 0
0 1 
1 0
0 2 
2 0
0 3 
3 0
0 4 
4 0
0 6 
6 0
0 8 
8 0
1 31 
31 1
1 32 
32 1
1 2 
2 1
2 3 
3 2
2 32 
32 2
2 33 
33 2
3 33 
33 3
3 34 
34 3
3 4 
4 3
4 6 
6 4
4 34 
34 4
4 35 
35 4
4 5 
5 4
5 6 
6 5
5 35 
35 5
5 36 
36 5
6 7 
7 6
6 8 
8 6
6 36 
36 6
6 37 
37 6
7 37 
37 7
7 38 
38 7
7 8 
8 7
8 19 
19 8
8 23 
23 8
8 38 
38 8
8 39 
39 8
8 9 
9 8
8 13 
13 8
8 16 
16 8
9 39 
39 9
9 40 
40 9
9 10 
10 9
9 11 
11 9
9 13 
13 9
10 11 
11 10
10 40 
40 10
10 41 
41 10
11 13 
13 11
11 41 
41 11
11 42 
42 11
11 12 
12 11
12 13 
13 12
12 42 
42 12
12 43 
43 12
13 15 
15 13
13 16 
16 13
13 43 
43 13
13 44 
44 13
13 14 
14 13
14 15 
15 14
14 44 
44 14
14 45 
45 14
15 45 
45 15
15 46 
46 15
15 16 
16 15
16 46 
46 16
16 47 
47 16
16 17 
17 16
16 18 
18 16
16 19 
19 16
17 18 
18 17
17 47 
47 17
17 48 
48 17
18 48 
48 18
18 49 
49 18
18 19 
19 18
19 23 
23 19
19 49 
49 19
19 50 
50 19
19 20 
20 19
19 21 
21 19
20 21 
21 20
20 50 
50 20
20 51 
51 20
21 23 
23 21
21 51 
51 21
21 52 
52 21
21 22 
22 21
22 23 
23 22
22 52 
52 22
22 53 
53 22
23 26 
26 23
23 53 
53 23
23 54 
54 23
23 24 
24 23
23 25 
25 23
24 25 
25 24
24 54 
54 24
24 55 
55 24
25 26 
26 25
25 55 
55 25
25 56 
56 25
26 56 
56 26
26 57 
57 26
26 27 
27 26
26 28 
28 26
26 30 
30 26
27 57 
57 27
27 58 
58 27
27 28 
28 27
28 29 
29 28
28 30 
30 28
28 58 
58 28
28 59 
59 28
29 59 
59 29
29 60 
60 29
29 30 
30 29
30 60 
60 30
30 61 
61 30
31 32 
32 31
31 62 
62 31
31 63 
63 31
32 63 
63 32
32 64 
64 32
32 33 
33 32
33 64 
64 33
33 65 
65 33
33 34 
34 33
34 35 
35 34
34 65 
65 34
34 66 
66 34
35 66 
66 35
35 67 
67 35
35 36 
36 35
36 37 
37 36
36 67 
67 36
36 68 
68 36
37 38 
38 37
37 68 
68 37
37 69 
69 37
38 69 
69 38
38 70 
70 38
38 39 
39 38
39 70 
70 39
39 71 
71 39
39 40 
40 39
40 41 
41 40
40 71 
71 40
40 72 
72 40
41 72 
72 41
41 73 
73 41
41 42 
42 41
42 73 
73 42
42 74 
74 42
42 43 
43 42
43 74 
74 43
43 75 
75 43
43 44 
44 43
44 45 
45 44
44 75 
75 44
44 76 
76 44
45 46 
46 45
45 76 
76 45
45 77 
77 45
46 47 
47 46
46 77 
77 46
46 78 
78 46
47 78 
78 47
47 79 
79 47
47 48 
48 47
48 79 
79 48
48 80 
80 48
48 49 
49 48
49 80 
80 49
49 81 
81 49
49 50 
50 49
50 51 
51 50
50 81 
81 50
50 82 
82 50
51 82 
82 51
51 83 
83 51
51 52 
52 51
52 53 
53 52
52 83 
83 52
52 84 
84 52
53 84 
84 53
53 85 
85 53
53 54 
54 53
54 85 
85 54
54 86 
86 54
54 55 
55 54
55 56 
56 55
55 86 
86 55
55 87 
87 55
56 87 
87 56
56 88 
88 56
56 57 
57 56
57 58 
58 57
57 88 
88 57
57 89 
89 57
58 89 
89 58
58 90 
90 58
58 59 
59 58
59 90 
90 59
59 91 
91 59
59 60 
60 59
60 61 
61 60
60 91 
91 60
60 92 
92 60
61 92 
92 61
61 123 
123 61
62 186 
186 62
62 124 
124 62
62 93 
93 62
62 63 
63 62
63 93 
93 63
63 94 
94 63
63 64 
64 63
64 65 
65 64
64 94 
94 64
64 95 
95 64
65 95 
95 65
65 96 
96 65
65 66 
66 65
66 96 
96 66
66 97 
97 66
66 67 
67 66
67 97 
97 67
67 98 
98 67
67 68 
68 67
68 69 
69 68
68 98 
98 68
68 99 
99 68
69 99 
99 69
69 100 
100 69
69 70 
70 69
70 71 
71 70
70 100 
100 70
70 101 
101 70
71 101 
101 71
71 102 
102 71
71 72 
72 71
72 73 
73 72
72 102 
102 72
72 103 
103 72
73 103 
103 73
73 104 
104 73
73 74 
74 73
74 104 
104 74
74 105 
105 74
74 75 
75 74
75 76 
76 75
75 105 
105 75
75 106 
106 75
76 77 
77 76
76 106 
106 76
76 107 
107 76
77 107 
107 77
77 108 
108 77
77 78 
78 77
78 79 
79 78
78 108 
108 78
78 109 
109 78
79 109 
109 79
79 110 
110 79
79 80 
80 79
80 110 
110 80
80 111 
111 80
80 81 
81 80
81 111 
111 81
81 112 
112 81
81 82 
82 81
82 112 
112 82
82 113 
113 82
82 83 
83 82
83 84 
84 83
83 113 
113 83
83 114 
114 83
84 114 
114 84
84 115 
115 84
84 85 
85 84
85 115 
115 85
85 116 
116 85
85 86 
86 85
86 116 
116 86
86 117 
117 86
86 87 
87 86
87 88 
88 87
87 117 
117 87
87 118 
118 87
88 118 
118 88
88 119 
119 88
88 89 
89 88
89 90 
90 89
89 119 
119 89
89 120 
120 89
90 120 
120 90
90 121 
121 90
90 91 
91 90
91 92 
92 91
91 121 
121 91
91 122 
122 91
92 122 
122 92
92 123 
123 92
93 94 
94 93
93 124 
124 93
93 125 
125 93
94 95 
95 94
94 125 
125 94
94 126 
126 94
95 126 
126 95
95 127 
127 95
95 96 
96 95
96 127 
127 96
96 128 
128 96
96 97 
97 96
97 128 
128 97
97 129 
129 97
97 98 
98 97
98 99 
99 98
98 129 
129 98
98 130 
130 98
99 130 
130 99
99 131 
131 99
99 100 
100 99
100 131 
131 100
100 132 
132 100
100 101 
101 100
101 132 
132 101
101 133 
133 101
101 102 
102 101
102 103 
103 102
102 133 
133 102
102 134 
134 102
103 134 
134 103
103 135 
135 103
103 104 
104 103
104 135 
135 104
104 136 
136 104
104 105 
105 104
105 136 
136 105
105 137 
137 105
105 106 
106 105
106 107 
107 106
106 137 
137 106
106 138 
138 106
107 138 
138 107
107 139 
139 107
107 108 
108 107
108 139 
139 108
108 140 
140 108
108 109 
109 108
109 110 
110 109
109 140 
140 109
109 141 
141 109
110 111 
111 110
110 141 
141 110
110 142 
142 110
111 142 
142 111
111 143 
143 111
111 112 
112 111
112 113 
113 112
112 143 
143 112
112 144 
144 112
113 144 
144 113
113 145 
145 113
113 114 
114 113
114 115 
115 114
114 145 
145 114
114 146 
146 114
115 116 
116 115
115 146 
146 115
115 147 
147 115
116 147 
147 116
116 148 
148 116
116 117 
117 116
117 118 
118 117
117 148 
148 117
117 149 
149 117
118 119 
119 118
118 149 
149 118
118 150 
150 118
119 150 
150 119
119 151 
151 119
119 120 
120 119
120 121 
121 120
120 151 
151 120
120 152 
152 120
121 152 
152 121
121 153 
153 121
121 122 
122 121
122 123 
123 122
122 153 
153 122
122 154 
154 122
123 154 
154 123
123 185 
185 123
123 247 
247 123
124 125 
125 124
124 186 
186 124
124 155 
155 124
125 155 
155 125
125 156 
156 125
125 126 
126 125
126 156 
156 126
126 157 
157 126
126 127 
127 126
127 128 
128 127
127 157 
157 127
127 158 
158 127
128 158 
158 128
128 159 
159 128
128 129 
129 128
129 159 
159 129
129 160 
160 129
129 130 
130 129
130 131 
131 130
130 160 
160 130
130 161 
161 130
131 161 
161 131
131 162 
162 131
131 132 
132 131
132 133 
133 132
132 162 
162 132
132 163 
163 132
133 134 
134 133
133 163 
163 133
133 164 
164 133
134 164 
164 134
134 165 
165 134
134 135 
135 134
135 136 
136 135
135 165 
165 135
135 166 
166 135
136 166 
166 136
136 167 
167 136
136 137 
137 136
137 167 
167 137
137 168 
168 137
137 138 
138 137
138 139 
139 138
138 168 
168 138
138 169 
169 138
139 169 
169 139
139 170 
170 139
139 140 
140 139
140 170 
170 140
140 171 
171 140
140 141 
141 140
141 171 
171 141
141 172 
172 141
141 142 
142 141
142 172 
172 142
142 173 
173 142
142 143 
143 142
143 174 
174 143
143 144 
144 143
143 173 
173 143
144 145 
145 144
144 174 
174 144
144 175 
175 144
145 175 
175 145
145 176 
176 145
145 146 
146 145
146 147 
147 146
146 176 
176 146
146 177 
177 146
147 177 
177 147
147 178 
178 147
147 148 
148 147
148 178 
178 148
148 179 
179 148
148 149 
149 148
149 150 
150 149
149 179 
179 149
149 180 
180 149
150 151 
151 150
150 180 
180 150
150 181 
181 150
151 181 
181 151
151 182 
182 151
151 152 
152 151
152 182 
182 152
152 183 
183 152
152 153 
153 152
153 183 
183 153
153 184 
184 153
153 154 
154 153
154 184 
184 154
154 185 
185 154
155 186 
186 155
155 187 
187 155
155 156 
156 155
156 157 
157 156
156 187 
187 156
156 188 
188 156
157 188 
188 157
157 189 
189 157
157 158 
158 157
158 159 
159 158
158 189 
189 158
158 190 
190 158
159 190 
190 159
159 191 
191 159
159 160 
160 159
160 191 
191 160
160 192 
192 160
160 161 
161 160
161 162 
162 161
161 192 
192 161
161 193 
193 161
162 193 
193 162
162 194 
194 162
162 163 
163 162
163 194 
194 163
163 195 
195 163
163 164 
164 163
164 165 
165 164
164 195 
195 164
164 196 
196 164
165 196 
196 165
165 197 
197 165
165 166 
166 165
166 197 
197 166
166 198 
198 166
166 167 
167 166
167 168 
168 167
167 198 
198 167
167 199 
199 167
168 169 
169 168
168 199 
199 168
168 200 
200 168
169 200 
200 169
169 201 
201 169
169 170 
170 169
170 201 
201 170
170 202 
202 170
170 171 
171 170
171 202 
202 171
171 203 
203 171
171 172 
172 171
172 173 
173 172
172 203 
203 172
172 204 
204 172
173 204 
204 173
173 205 
205 173
173 174 
174 173
174 175 
175 174
174 205 
205 174
174 206 
206 174
175 206 
206 175
175 207 
207 175
175 176 
176 175
176 207 
207 176
176 208 
208 176
176 177 
177 176
177 208 
208 177
177 209 
209 177
177 178 
178 177
178 179 
179 178
178 209 
209 178
178 210 
210 178
179 210 
210 179
179 211 
211 179
179 180 
180 179
180 181 
181 180
180 211 
211 180
180 212 
212 180
181 212 
212 181
181 213 
213 181
181 182 
182 181
182 183 
183 182
182 213 
213 182
182 214 
214 182
183 214 
214 183
183 215 
215 183
183 184 
184 183
184 185 
185 184
184 215 
215 184
184 216 
216 184
185 216 
216 185
185 247 
247 185
186 496 
496 186
186 372 
372 186
186 248 
248 186
186 217 
217 186
186 187 
187 186
187 188 
188 187
187 217 
217 187
187 218 
218 187
188 218 
218 188
188 219 
219 188
188 189 
189 188
189 190 
190 189
189 219 
219 189
189 220 
220 189
190 220 
220 190
190 221 
221 190
190 191 
191 190
191 192 
192 191
191 221 
221 191
191 222 
222 191
192 222 
222 192
192 223 
223 192
192 193 
193 192
193 223 
223 193
193 224 
224 193
193 194 
194 193
194 224 
224 194
194 225 
225 194
194 195 
195 194
195 196 
196 195
195 225 
225 195
195 226 
226 195
196 197 
197 196
196 226 
226 196
196 227 
227 196
197 227 
227 197
197 228 
228 197
197 198 
198 197
198 199 
199 198
198 228 
228 198
198 229 
229 198
199 229 
229 199
199 230 
230 199
199 200 
200 199
200 230 
230 200
200 231 
231 200
200 201 
201 200
201 202 
202 201
201 231 
231 201
201 232 
232 201
202 232 
232 202
202 233 
233 202
202 203 
203 202
203 233 
233 203
203 234 
234 203
203 204 
204 203
204 234 
234 204
204 235 
235 204
204 205 
205 204
205 235 
235 205
205 236 
236 205
205 206 
206 205
206 236 
236 206
206 237 
237 206
206 207 
207 206
207 237 
237 207
207 238 
238 207
207 208 
208 207
208 209 
209 208
208 238 
238 208
208 239 
239 208
209 239 
239 209
209 240 
240 209
209 210 
210 209
210 211 
211 210
210 240 
240 210
210 241 
241 210
211 241 
241 211
211 242 
242 211
211 212 
212 211
212 213 
213 212
212 242 
242 212
212 243 
243 212
213 243 
243 213
213 244 
244 213
213 214 
214 213
214 244 
244 214
214 245 
245 214
214 215 
215 214
215 216 
216 215
215 245 
245 215
215 246 
246 215
216 246 
246 216
216 247 
247 216
217 248 
248 217
217 249 
249 217
217 218 
218 217
218 249 
249 218
218 250 
250 218
218 219 
219 218
219 220 
220 219
219 250 
250 219
219 251 
251 219
220 251 
251 220
220 252 
252 220
220 221 
221 220
221 222 
222 221
221 252 
252 221
221 253 
253 221
222 253 
253 222
222 254 
254 222
222 223 
223 222
223 254 
254 223
223 255 
255 223
223 224 
224 223
224 255 
255 224
224 256 
256 224
224 225 
225 224
225 256 
256 225
225 257 
257 225
225 226 
226 225
226 257 
257 226
226 258 
258 226
226 227 
227 226
227 258 
258 227
227 259 
259 227
227 228 
228 227
228 229 
229 228
228 259 
259 228
228 260 
260 228
229 260 
260 229
229 261 
261 229
229 230 
230 229
230 261 
261 230
230 262 
262 230
230 231 
231 230
231 232 
232 231
231 262 
262 231
231 263 
263 231
232 233 
233 232
232 263 
263 232
232 264 
264 232
233 234 
234 233
233 264 
264 233
233 265 
265 233
234 265 
265 234
234 266 
266 234
234 235 
235 234
235 236 
236 235
235 266 
266 235
235 267 
267 235
236 267 
267 236
236 268 
268 236
236 237 
237 236
237 238 
238 237
237 268 
268 237
237 269 
269 237
238 269 
269 238
238 270 
270 238
238 239 
239 238
239 270 
270 239
239 271 
271 239
239 240 
240 239
240 271 
271 240
240 272 
272 240
240 241 
241 240
241 272 
272 241
241 273 
273 241
241 242 
242 241
242 273 
273 242
242 274 
274 242
242 243 
243 242
243 244 
244 243
243 274 
274 243
243 275 
275 243
244 245 
245 244
244 275 
275 244
244 276 
276 244
245 276 
276 245
245 277 
277 245
245 246 
246 245
246 277 
277 246
246 278 
278 246
246 247 
247 246
247 278 
278 247
247 309 
309 247
247 433 
433 247
247 929 
929 247
248 372 
372 248
248 310 
310 248
248 279 
279 248
248 249 
249 248
249 279 
279 249
249 280 
280 249
249 250 
250 249
250 280 
280 250
250 281 
281 250
250 251 
251 250
251 281 
281 251
251 282 
282 251
251 252 
252 251
252 253 
253 252
252 282 
282 252
252 283 
283 252
253 283 
283 253
253 284 
284 253
253 254 
254 253
254 284 
284 254
254 285 
285 254
254 255 
255 254
255 285 
285 255
255 286 
286 255
255 256 
256 255
256 257 
257 256
256 286 
286 256
256 287 
287 256
257 287 
287 257
257 288 
288 257
257 258 
258 257
258 288 
288 258
258 289 
289 258
258 259 
259 258
259 260 
260 259
259 289 
289 259
259 290 
290 259
260 290 
290 260
260 291 
291 260
260 261 
261 260
261 291 
291 261
261 292 
292 261
261 262 
262 261
262 263 
263 262
262 292 
292 262
262 293 
293 262
263 293 
293 263
263 294 
294 263
263 264 
264 263
264 265 
265 264
264 294 
294 264
264 295 
295 264
265 295 
295 265
265 296 
296 265
265 266 
266 265
266 267 
267 266
266 296 
296 266
266 297 
297 266
267 297 
297 267
267 298 
298 267
267 268 
268 267
268 269 
269 268
268 298 
298 268
268 299 
299 268
269 270 
270 269
269 299 
299 269
269 300 
300 269
270 300 
300 270
270 301 
301 270
270 271 
271 270
271 301 
301 271
271 302 
302 271
271 272 
272 271
272 273 
273 272
272 302 
302 272
272 303 
303 272
273 303 
303 273
273 304 
304 273
273 274 
274 273
274 304 
304 274
274 305 
305 274
274 275 
275 274
275 276 
276 275
275 305 
305 275
275 306 
306 275
276 306 
306 276
276 307 
307 276
276 277 
277 276
277 278 
278 277
277 307 
307 277
277 308 
308 277
278 308 
308 278
278 309 
309 278
279 310 
310 279
279 311 
311 279
279 280 
280 279
280 311 
311 280
280 312 
312 280
280 281 
281 280
281 312 
312 281
281 313 
313 281
281 282 
282 281
282 283 
283 282
282 313 
313 282
282 314 
314 282
283 314 
314 283
283 315 
315 283
283 284 
284 283
284 315 
315 284
284 316 
316 284
284 285 
285 284
285 316 
316 285
285 317 
317 285
285 286 
286 285
286 317 
317 286
286 318 
318 286
286 287 
287 286
287 318 
318 287
287 319 
319 287
287 288 
288 287
288 289 
289 288
288 319 
319 288
288 320 
320 288
289 320 
320 289
289 321 
321 289
289 290 
290 289
290 321 
321 290
290 322 
322 290
290 291 
291 290
291 322 
322 291
291 323 
323 291
291 292 
292 291
292 323 
323 292
292 324 
324 292
292 293 
293 292
293 294 
294 293
293 324 
324 293
293 325 
325 293
294 325 
325 294
294 326 
326 294
294 295 
295 294
295 326 
326 295
295 327 
327 295
295 296 
296 295
296 297 
297 296
296 327 
327 296
296 328 
328 296
297 328 
328 297
297 329 
329 297
297 298 
298 297
298 299 
299 298
298 329 
329 298
298 330 
330 298
299 300 
300 299
299 330 
330 299
299 331 
331 299
300 331 
331 300
300 332 
332 300
300 301 
301 300
301 332 
332 301
301 333 
333 301
301 302 
302 301
302 303 
303 302
302 333 
333 302
302 334 
334 302
303 334 
334 303
303 335 
335 303
303 304 
304 303
304 335 
335 304
304 336 
336 304
304 305 
305 304
305 336 
336 305
305 337 
337 305
305 306 
306 305
306 307 
307 306
306 337 
337 306
306 338 
338 306
307 308 
308 307
307 338 
338 307
307 339 
339 307
308 309 
309 308
308 339 
339 308
308 340 
340 308
309 340 
340 309
309 371 
371 309
309 433 
433 309
310 372 
372 310
310 341 
341 310
310 311 
311 310
311 312 
312 311
311 341 
341 311
311 342 
342 311
312 342 
342 312
312 343 
343 312
312 313 
313 312
313 343 
343 313
313 344 
344 313
313 314 
314 313
314 344 
344 314
314 345 
345 314
314 315 
315 314
315 316 
316 315
315 345 
345 315
315 346 
346 315
316 346 
346 316
316 347 
347 316
316 317 
317 316
317 347 
347 317
317 348 
348 317
317 318 
318 317
318 348 
348 318
318 349 
349 318
318 319 
319 318
319 320 
320 319
319 349 
349 319
319 350 
350 319
320 321 
321 320
320 350 
350 320
320 351 
351 320
321 322 
322 321
321 351 
351 321
321 352 
352 321
322 352 
352 322
322 353 
353 322
322 323 
323 322
323 353 
353 323
323 354 
354 323
323 324 
324 323
324 354 
354 324
324 355 
355 324
324 325 
325 324
325 326 
326 325
325 355 
355 325
325 356 
356 325
326 327 
327 326
326 356 
356 326
326 357 
357 326
327 357 
357 327
327 358 
358 327
327 328 
328 327
328 329 
329 328
328 358 
358 328
328 359 
359 328
329 359 
359 329
329 360 
360 329
329 330 
330 329
330 360 
360 330
330 361 
361 330
330 331 
331 330
331 332 
332 331
331 361 
361 331
331 362 
362 331
332 362 
362 332
332 363 
363 332
332 333 
333 332
333 363 
363 333
333 364 
364 333
333 334 
334 333
334 364 
364 334
334 365 
365 334
334 335 
335 334
335 336 
336 335
335 365 
365 335
335 366 
366 335
336 366 
366 336
336 367 
367 336
336 337 
337 336
337 367 
367 337
337 368 
368 337
337 338 
338 337
338 339 
339 338
338 368 
368 338
338 369 
369 338
339 369 
369 339
339 370 
370 339
339 340 
340 339
340 370 
370 340
340 371 
371 340
341 342 
342 341
341 372 
372 341
341 373 
373 341
342 373 
373 342
342 374 
374 342
342 343 
343 342
343 374 
374 343
343 375 
375 343
343 344 
344 343
344 345 
345 344
344 375 
375 344
344 376 
376 344
345 376 
376 345
345 377 
377 345
345 346 
346 345
346 377 
377 346
346 378 
378 346
346 347 
347 346
347 378 
378 347
347 379 
379 347
347 348 
348 347
348 379 
379 348
348 380 
380 348
348 349 
349 348
349 380 
380 349
349 381 
381 349
349 350 
350 349
350 381 
381 350
350 382 
382 350
350 351 
351 350
351 382 
382 351
351 383 
383 351
351 352 
352 351
352 353 
353 352
352 383 
383 352
352 384 
384 352
353 384 
384 353
353 385 
385 353
353 354 
354 353
354 355 
355 354
354 385 
385 354
354 386 
386 354
355 386 
386 355
355 387 
387 355
355 356 
356 355
356 387 
387 356
356 388 
388 356
356 357 
357 356
357 358 
358 357
357 388 
388 357
357 389 
389 357
358 389 
389 358
358 390 
390 358
358 359 
359 358
359 390 
390 359
359 391 
391 359
359 360 
360 359
360 391 
391 360
360 392 
392 360
360 361 
361 360
361 392 
392 361
361 393 
393 361
361 362 
362 361
362 363 
363 362
362 393 
393 362
362 394 
394 362
363 364 
364 363
363 394 
394 363
363 395 
395 363
364 395 
395 364
364 396 
396 364
364 365 
365 364
365 396 
396 365
365 397 
397 365
365 366 
366 365
366 367 
367 366
366 397 
397 366
366 398 
398 366
367 368 
368 367
367 398 
398 367
367 399 
399 367
368 399 
399 368
368 400 
400 368
368 369 
369 368
369 370 
370 369
369 400 
400 369
369 401 
401 369
370 371 
371 370
370 401 
401 370
370 402 
402 370
371 402 
402 371
371 433 
433 371
372 373 
373 372
372 496 
496 372
372 434 
434 372
372 403 
403 372
373 374 
374 373
373 403 
403 373
373 404 
404 373
374 404 
404 374
374 405 
405 374
374 375 
375 374
375 405 
405 375
375 406 
406 375
375 376 
376 375
376 377 
377 376
376 406 
406 376
376 407 
407 376
377 407 
407 377
377 408 
408 377
377 378 
378 377
378 408 
408 378
378 409 
409 378
378 379 
379 378
379 409 
409 379
379 410 
410 379
379 380 
380 379
380 410 
410 380
380 411 
411 380
380 381 
381 380
381 411 
411 381
381 412 
412 381
381 382 
382 381
382 412 
412 382
382 413 
413 382
382 383 
383 382
383 413 
413 383
383 414 
414 383
383 384 
384 383
384 414 
414 384
384 415 
415 384
384 385 
385 384
385 416 
416 385
385 386 
386 385
385 415 
415 385
386 416 
416 386
386 417 
417 386
386 387 
387 386
387 388 
388 387
387 417 
417 387
387 418 
418 387
388 418 
418 388
388 419 
419 388
388 389 
389 388
389 390 
390 389
389 419 
419 389
389 420 
420 389
390 420 
420 390
390 421 
421 390
390 391 
391 390
391 421 
421 391
391 422 
422 391
391 392 
392 391
392 422 
422 392
392 423 
423 392
392 393 
393 392
393 423 
423 393
393 424 
424 393
393 394 
394 393
394 395 
395 394
394 424 
424 394
394 425 
425 394
395 425 
425 395
395 426 
426 395
395 396 
396 395
396 426 
426 396
396 427 
427 396
396 397 
397 396
397 398 
398 397
397 427 
427 397
397 428 
428 397
398 399 
399 398
398 428 
428 398
398 429 
429 398
399 400 
400 399
399 429 
429 399
399 430 
430 399
400 430 
430 400
400 431 
431 400
400 401 
401 400
401 431 
431 401
401 432 
432 401
401 402 
402 401
402 433 
433 402
402 432 
432 402
403 404 
404 403
403 434 
434 403
403 435 
435 403
404 435 
435 404
404 436 
436 404
404 405 
405 404
405 436 
436 405
405 437 
437 405
405 406 
406 405
406 437 
437 406
406 438 
438 406
406 407 
407 406
407 438 
438 407
407 439 
439 407
407 408 
408 407
408 409 
409 408
408 439 
439 408
408 440 
440 408
409 440 
440 409
409 441 
441 409
409 410 
410 409
410 441 
441 410
410 442 
442 410
410 411 
411 410
411 412 
412 411
411 442 
442 411
411 443 
443 411
412 443 
443 412
412 444 
444 412
412 413 
413 412
413 444 
444 413
413 445 
445 413
413 414 
414 413
414 445 
445 414
414 446 
446 414
414 415 
415 414
415 416 
416 415
415 446 
446 415
415 447 
447 415
416 447 
447 416
416 448 
448 416
416 417 
417 416
417 448 
448 417
417 449 
449 417
417 418 
418 417
418 449 
449 418
418 450 
450 418
418 419 
419 418
419 450 
450 419
419 451 
451 419
419 420 
420 419
420 451 
451 420
420 452 
452 420
420 421 
421 420
421 452 
452 421
421 453 
453 421
421 422 
422 421
422 453 
453 422
422 454 
454 422
422 423 
423 422
423 454 
454 423
423 455 
455 423
423 424 
424 423
424 455 
455 424
424 456 
456 424
424 425 
425 424
425 456 
456 425
425 457 
457 425
425 426 
426 425
426 427 
427 426
426 457 
457 426
426 458 
458 426
427 458 
458 427
427 459 
459 427
427 428 
428 427
428 459 
459 428
428 460 
460 428
428 429 
429 428
429 430 
430 429
429 460 
460 429
429 461 
461 429
430 461 
461 430
430 462 
462 430
430 431 
431 430
431 432 
432 431
431 462 
462 431
431 463 
463 431
432 463 
463 432
432 464 
464 432
432 433 
433 432
433 464 
464 433
433 495 
495 433
433 557 
557 433
433 619 
619 433
433 743 
743 433
433 929 
929 433
434 496 
496 434
434 465 
465 434
434 435 
435 434
435 436 
436 435
435 465 
465 435
435 466 
466 435
436 466 
466 436
436 467 
467 436
436 437 
437 436
437 467 
467 437
437 468 
468 437
437 438 
438 437
438 468 
468 438
438 469 
469 438
438 439 
439 438
439 469 
469 439
439 470 
470 439
439 440 
440 439
440 470 
470 440
440 471 
471 440
440 441 
441 440
441 442 
442 441
441 471 
471 441
441 472 
472 441
442 443 
443 442
442 472 
472 442
442 473 
473 442
443 473 
473 443
443 474 
474 443
443 444 
444 443
444 474 
474 444
444 475 
475 444
444 445 
445 444
445 446 
446 445
445 475 
475 445
445 476 
476 445
446 476 
476 446
446 477 
477 446
446 447 
447 446
447 448 
448 447
447 477 
477 447
447 478 
478 447
448 478 
478 448
448 479 
479 448
448 449 
449 448
449 479 
479 449
449 480 
480 449
449 450 
450 449
450 480 
480 450
450 481 
481 450
450 451 
451 450
451 452 
452 451
451 481 
481 451
451 482 
482 451
452 482 
482 452
452 483 
483 452
452 453 
453 452
453 483 
483 453
453 484 
484 453
453 454 
454 453
454 484 
484 454
454 485 
485 454
454 455 
455 454
455 456 
456 455
455 485 
485 455
455 486 
486 455
456 486 
486 456
456 487 
487 456
456 457 
457 456
457 487 
487 457
457 488 
488 457
457 458 
458 457
458 488 
488 458
458 489 
489 458
458 459 
459 458
459 460 
460 459
459 489 
489 459
459 490 
490 459
460 490 
490 460
460 491 
491 460
460 461 
461 460
461 462 
462 461
461 491 
491 461
461 492 
492 461
462 492 
492 462
462 493 
493 462
462 463 
463 462
463 494 
494 463
463 464 
464 463
463 493 
493 463
464 494 
494 464
464 495 
495 464
465 496 
496 465
465 497 
497 465
465 466 
466 465
466 497 
497 466
466 498 
498 466
466 467 
467 466
467 468 
468 467
467 498 
498 467
467 499 
499 467
468 499 
499 468
468 500 
500 468
468 469 
469 468
469 500 
500 469
469 501 
501 469
469 470 
470 469
470 471 
471 470
470 501 
501 470
470 502 
502 470
471 502 
502 471
471 503 
503 471
471 472 
472 471
472 473 
473 472
472 503 
503 472
472 504 
504 472
473 474 
474 473
473 504 
504 473
473 505 
505 473
474 505 
505 474
474 506 
506 474
474 475 
475 474
475 506 
506 475
475 507 
507 475
475 476 
476 475
476 507 
507 476
476 508 
508 476
476 477 
477 476
477 478 
478 477
477 508 
508 477
477 509 
509 477
478 509 
509 478
478 510 
510 478
478 479 
479 478
479 510 
510 479
479 511 
511 479
479 480 
480 479
480 511 
511 480
480 512 
512 480
480 481 
481 480
481 512 
512 481
481 513 
513 481
481 482 
482 481
482 513 
513 482
482 514 
514 482
482 483 
483 482
483 514 
514 483
483 515 
515 483
483 484 
484 483
484 485 
485 484
484 515 
515 484
484 516 
516 484
485 516 
516 485
485 517 
517 485
485 486 
486 485
486 517 
517 486
486 518 
518 486
486 487 
487 486
487 518 
518 487
487 519 
519 487
487 488 
488 487
488 519 
519 488
488 520 
520 488
488 489 
489 488
489 520 
520 489
489 521 
521 489
489 490 
490 489
490 491 
491 490
490 521 
521 490
490 522 
522 490
491 492 
492 491
491 522 
522 491
491 523 
523 491
492 523 
523 492
492 524 
524 492
492 493 
493 492
493 524 
524 493
493 525 
525 493
493 494 
494 493
494 495 
495 494
494 525 
525 494
494 526 
526 494
495 526 
526 495
495 557 
557 495
496 620 
620 496
496 558 
558 496
496 527 
527 496
496 497 
497 496
497 527 
527 497
497 528 
528 497
497 498 
498 497
498 528 
528 498
498 529 
529 498
498 499 
499 498
499 500 
500 499
499 529 
529 499
499 530 
530 499
500 530 
530 500
500 531 
531 500
500 501 
501 500
501 531 
531 501
501 532 
532 501
501 502 
502 501
502 503 
503 502
502 532 
532 502
502 533 
533 502
503 533 
533 503
503 534 
534 503
503 504 
504 503
504 505 
505 504
504 534 
534 504
504 535 
535 504
505 535 
535 505
505 536 
536 505
505 506 
506 505
506 536 
536 506
506 537 
537 506
506 507 
507 506
507 537 
537 507
507 538 
538 507
507 508 
508 507
508 509 
509 508
508 538 
538 508
508 539 
539 508
509 539 
539 509
509 540 
540 509
509 510 
510 509
510 511 
511 510
510 540 
540 510
510 541 
541 510
511 512 
512 511
511 541 
541 511
511 542 
542 511
512 542 
542 512
512 543 
543 512
512 513 
513 512
513 514 
514 513
513 543 
543 513
513 544 
544 513
514 544 
544 514
514 545 
545 514
514 515 
515 514
515 545 
545 515
515 546 
546 515
515 516 
516 515
516 546 
546 516
516 547 
547 516
516 517 
517 516
517 547 
547 517
517 548 
548 517
517 518 
518 517
518 548 
548 518
518 549 
549 518
518 519 
519 518
519 520 
520 519
519 549 
549 519
519 550 
550 519
520 550 
550 520
520 551 
551 520
520 521 
521 520
521 522 
522 521
521 551 
551 521
521 552 
552 521
522 523 
523 522
522 552 
552 522
522 553 
553 522
523 553 
553 523
523 554 
554 523
523 524 
524 523
524 525 
525 524
524 554 
554 524
524 555 
555 524
525 526 
526 525
525 555 
555 525
525 556 
556 525
526 556 
556 526
526 557 
557 526
527 558 
558 527
527 559 
559 527
527 528 
528 527
528 529 
529 528
528 559 
559 528
528 560 
560 528
529 560 
560 529
529 561 
561 529
529 530 
530 529
530 561 
561 530
530 562 
562 530
530 531 
531 530
531 532 
532 531
531 562 
562 531
531 563 
563 531
532 563 
563 532
532 564 
564 532
532 533 
533 532
533 534 
534 533
533 564 
564 533
533 565 
565 533
534 565 
565 534
534 566 
566 534
534 535 
535 534
535 566 
566 535
535 567 
567 535
535 536 
536 535
536 567 
567 536
536 568 
568 536
536 537 
537 536
537 538 
538 537
537 568 
568 537
537 569 
569 537
538 569 
569 538
538 570 
570 538
538 539 
539 538
539 570 
570 539
539 571 
571 539
539 540 
540 539
540 571 
571 540
540 572 
572 540
540 541 
541 540
541 572 
572 541
541 573 
573 541
541 542 
542 541
542 543 
543 542
542 573 
573 542
542 574 
574 542
543 574 
574 543
543 575 
575 543
543 544 
544 543
544 545 
545 544
544 575 
575 544
544 576 
576 544
545 576 
576 545
545 577 
577 545
545 546 
546 545
546 577 
577 546
546 578 
578 546
546 547 
547 546
547 578 
578 547
547 579 
579 547
547 548 
548 547
548 579 
579 548
548 580 
580 548
548 549 
549 548
549 580 
580 549
549 581 
581 549
549 550 
550 549
550 551 
551 550
550 581 
581 550
550 582 
582 550
551 582 
582 551
551 583 
583 551
551 552 
552 551
552 553 
553 552
552 583 
583 552
552 584 
584 552
553 584 
584 553
553 585 
585 553
553 554 
554 553
554 585 
585 554
554 586 
586 554
554 555 
555 554
555 586 
586 555
555 587 
587 555
555 556 
556 555
556 557 
557 556
556 587 
587 556
556 588 
588 556
557 588 
588 557
557 619 
619 557
558 620 
620 558
558 589 
589 558
558 559 
559 558
559 589 
589 559
559 590 
590 559
559 560 
560 559
560 590 
590 560
560 591 
591 560
560 561 
561 560
561 562 
562 561
561 591 
591 561
561 592 
592 561
562 592 
592 562
562 593 
593 562
562 563 
563 562
563 593 
593 563
563 594 
594 563
563 564 
564 563
564 565 
565 564
564 594 
594 564
564 595 
595 564
565 595 
595 565
565 596 
596 565
565 566 
566 565
566 596 
596 566
566 597 
597 566
566 567 
567 566
567 568 
568 567
567 597 
597 567
567 598 
598 567
568 598 
598 568
568 599 
599 568
568 569 
569 568
569 570 
570 569
569 599 
599 569
569 600 
600 569
570 600 
600 570
570 601 
601 570
570 571 
571 570
571 572 
572 571
571 601 
601 571
571 602 
602 571
572 602 
602 572
572 603 
603 572
572 573 
573 572
573 603 
603 573
573 604 
604 573
573 574 
574 573
574 575 
575 574
574 604 
604 574
574 605 
605 574
575 605 
605 575
575 606 
606 575
575 576 
576 575
576 607 
607 576
576 577 
577 576
576 606 
606 576
577 578 
578 577
577 607 
607 577
577 608 
608 577
578 608 
608 578
578 609 
609 578
578 579 
579 578
579 580 
580 579
579 609 
609 579
579 610 
610 579
580 610 
610 580
580 611 
611 580
580 581 
581 580
581 582 
582 581
581 611 
611 581
581 612 
612 581
582 612 
612 582
582 613 
613 582
582 583 
583 582
583 584 
584 583
583 613 
613 583
583 614 
614 583
584 614 
614 584
584 615 
615 584
584 585 
585 584
585 616 
616 585
585 586 
586 585
585 615 
615 585
586 616 
616 586
586 617 
617 586
586 587 
587 586
587 588 
588 587
587 617 
617 587
587 618 
618 587
588 618 
618 588
588 619 
619 588
589 590 
590 589
589 620 
620 589
589 621 
621 589
590 591 
591 590
590 621 
621 590
590 622 
622 590
591 622 
622 591
591 623 
623 591
591 592 
592 591
592 593 
593 592
592 623 
623 592
592 624 
624 592
593 624 
624 593
593 625 
625 593
593 594 
594 593
594 625 
625 594
594 626 
626 594
594 595 
595 594
595 626 
626 595
595 627 
627 595
595 596 
596 595
596 597 
597 596
596 627 
627 596
596 628 
628 596
597 628 
628 597
597 629 
629 597
597 598 
598 597
598 629 
629 598
598 630 
630 598
598 599 
599 598
599 600 
600 599
599 630 
630 599
599 631 
631 599
600 601 
601 600
600 631 
631 600
600 632 
632 600
601 632 
632 601
601 633 
633 601
601 602 
602 601
602 633 
633 602
602 634 
634 602
602 603 
603 602
603 634 
634 603
603 635 
635 603
603 604 
604 603
604 605 
605 604
604 635 
635 604
604 636 
636 604
605 636 
636 605
605 637 
637 605
605 606 
606 605
606 607 
607 606
606 637 
637 606
606 638 
638 606
607 638 
638 607
607 639 
639 607
607 608 
608 607
608 639 
639 608
608 640 
640 608
608 609 
609 608
609 610 
610 609
609 640 
640 609
609 641 
641 609
610 641 
641 610
610 642 
642 610
610 611 
611 610
611 642 
642 611
611 643 
643 611
611 612 
612 611
612 643 
643 612
612 644 
644 612
612 613 
613 612
613 644 
644 613
613 645 
645 613
613 614 
614 613
614 615 
615 614
614 645 
645 614
614 646 
646 614
615 646 
646 615
615 647 
647 615
615 616 
616 615
616 647 
647 616
616 648 
648 616
616 617 
617 616
617 648 
648 617
617 649 
649 617
617 618 
618 617
618 649 
649 618
618 650 
650 618
618 619 
619 618
619 650 
650 619
619 681 
681 619
619 743 
743 619
620 930 
930 620
620 868 
868 620
620 806 
806 620
620 682 
682 620
620 651 
651 620
620 621 
621 620
621 651 
651 621
621 652 
652 621
621 622 
622 621
622 623 
623 622
622 652 
652 622
622 653 
653 622
623 624 
624 623
623 653 
653 623
623 654 
654 623
624 625 
625 624
624 654 
654 624
624 655 
655 624
625 655 
655 625
625 656 
656 625
625 626 
626 625
626 656 
656 626
626 657 
657 626
626 627 
627 626
627 628 
628 627
627 657 
657 627
627 658 
658 627
628 658 
658 628
628 659 
659 628
628 629 
629 628
629 660 
660 629
629 630 
630 629
629 659 
659 629
630 631 
631 630
630 660 
660 630
630 661 
661 630
631 661 
661 631
631 662 
662 631
631 632 
632 631
632 662 
662 632
632 663 
663 632
632 633 
633 632
633 663 
663 633
633 664 
664 633
633 634 
634 633
634 664 
664 634
634 665 
665 634
634 635 
635 634
635 665 
665 635
635 666 
666 635
635 636 
636 635
636 666 
666 636
636 667 
667 636
636 637 
637 636
637 638 
638 637
637 667 
667 637
637 668 
668 637
638 668 
668 638
638 669 
669 638
638 639 
639 638
639 669 
669 639
639 670 
670 639
639 640 
640 639
640 670 
670 640
640 671 
671 640
640 641 
641 640
641 671 
671 641
641 672 
672 641
641 642 
642 641
642 643 
643 642
642 672 
672 642
642 673 
673 642
643 673 
673 643
643 674 
674 643
643 644 
644 643
644 645 
645 644
644 674 
674 644
644 675 
675 644
645 675 
675 645
645 676 
676 645
645 646 
646 645
646 676 
676 646
646 677 
677 646
646 647 
647 646
647 648 
648 647
647 677 
677 647
647 678 
678 647
648 678 
678 648
648 679 
679 648
648 649 
649 648
649 679 
679 649
649 680 
680 649
649 650 
650 649
650 680 
680 650
650 681 
681 650
651 682 
682 651
651 683 
683 651
651 652 
652 651
652 683 
683 652
652 684 
684 652
652 653 
653 652
653 684 
684 653
653 685 
685 653
653 654 
654 653
654 685 
685 654
654 686 
686 654
654 655 
655 654
655 686 
686 655
655 687 
687 655
655 656 
656 655
656 657 
657 656
656 687 
687 656
656 688 
688 656
657 688 
688 657
657 689 
689 657
657 658 
658 657
658 689 
689 658
658 690 
690 658
658 659 
659 658
659 690 
690 659
659 691 
691 659
659 660 
660 659
660 661 
661 660
660 691 
691 660
660 692 
692 660
661 692 
692 661
661 693 
693 661
661 662 
662 661
662 693 
693 662
662 694 
694 662
662 663 
663 662
663 664 
664 663
663 694 
694 663
663 695 
695 663
664 695 
695 664
664 696 
696 664
664 665 
665 664
665 696 
696 665
665 697 
697 665
665 666 
666 665
666 697 
697 666
666 698 
698 666
666 667 
667 666
667 668 
668 667
667 698 
698 667
667 699 
699 667
668 699 
699 668
668 700 
700 668
668 669 
669 668
669 700 
700 669
669 701 
701 669
669 670 
670 669
670 671 
671 670
670 701 
701 670
670 702 
702 670
671 702 
702 671
671 703 
703 671
671 672 
672 671
672 673 
673 672
672 703 
703 672
672 704 
704 672
673 704 
704 673
673 705 
705 673
673 674 
674 673
674 675 
675 674
674 705 
705 674
674 706 
706 674
675 706 
706 675
675 707 
707 675
675 676 
676 675
676 707 
707 676
676 708 
708 676
676 677 
677 676
677 678 
678 677
677 708 
708 677
677 709 
709 677
678 709 
709 678
678 710 
710 678
678 679 
679 678
679 710 
710 679
679 711 
711 679
679 680 
680 679
680 711 
711 680
680 712 
712 680
680 681 
681 680
681 712 
712 681
681 743 
743 681
682 683 
683 682
682 806 
806 682
682 744 
744 682
682 713 
713 682
683 684 
684 683
683 713 
713 683
683 714 
714 683
684 714 
714 684
684 715 
715 684
684 685 
685 684
685 715 
715 685
685 716 
716 685
685 686 
686 685
686 716 
716 686
686 717 
717 686
686 687 
687 686
687 688 
688 687
687 717 
717 687
687 718 
718 687
688 689 
689 688
688 718 
718 688
688 719 
719 688
689 719 
719 689
689 720 
720 689
689 690 
690 689
690 720 
720 690
690 721 
721 690
690 691 
691 690
691 722 
722 691
691 692 
692 691
691 721 
721 691
692 722 
722 692
692 723 
723 692
692 693 
693 692
693 723 
723 693
693 724 
724 693
693 694 
694 693
694 695 
695 694
694 724 
724 694
694 725 
725 694
695 725 
725 695
695 726 
726 695
695 696 
696 695
696 697 
697 696
696 726 
726 696
696 727 
727 696
697 727 
727 697
697 728 
728 697
697 698 
698 697
698 699 
699 698
698 728 
728 698
698 729 
729 698
699 700 
700 699
699 729 
729 699
699 730 
730 699
700 730 
730 700
700 731 
731 700
700 701 
701 700
701 731 
731 701
701 732 
732 701
701 702 
702 701
702 703 
703 702
702 732 
732 702
702 733 
733 702
703 733 
733 703
703 734 
734 703
703 704 
704 703
704 734 
734 704
704 735 
735 704
704 705 
705 704
705 706 
706 705
705 735 
735 705
705 736 
736 705
706 736 
736 706
706 737 
737 706
706 707 
707 706
707 737 
737 707
707 738 
738 707
707 708 
708 707
708 738 
738 708
708 739 
739 708
708 709 
709 708
709 739 
739 709
709 740 
740 709
709 710 
710 709
710 740 
740 710
710 741 
741 710
710 711 
711 710
711 741 
741 711
711 742 
742 711
711 712 
712 711
712 742 
742 712
712 743 
743 712
713 744 
744 713
713 745 
745 713
713 714 
714 713
714 745 
745 714
714 746 
746 714
714 715 
715 714
715 716 
716 715
715 746 
746 715
715 747 
747 715
716 747 
747 716
716 748 
748 716
716 717 
717 716
717 718 
718 717
717 748 
748 717
717 749 
749 717
718 749 
749 718
718 750 
750 718
718 719 
719 718
719 750 
750 719
719 751 
751 719
719 720 
720 719
720 751 
751 720
720 752 
752 720
720 721 
721 720
721 752 
752 721
721 753 
753 721
721 722 
722 721
722 753 
753 722
722 754 
754 722
722 723 
723 722
723 724 
724 723
723 754 
754 723
723 755 
755 723
724 755 
755 724
724 756 
756 724
724 725 
725 724
725 726 
726 725
725 756 
756 725
725 757 
757 725
726 757 
757 726
726 758 
758 726
726 727 
727 726
727 758 
758 727
727 759 
759 727
727 728 
728 727
728 759 
759 728
728 760 
760 728
728 729 
729 728
729 730 
730 729
729 760 
760 729
729 761 
761 729
730 761 
761 730
730 762 
762 730
730 731 
731 730
731 732 
732 731
731 762 
762 731
731 763 
763 731
732 763 
763 732
732 764 
764 732
732 733 
733 732
733 734 
734 733
733 764 
764 733
733 765 
765 733
734 765 
765 734
734 766 
766 734
734 735 
735 734
735 766 
766 735
735 767 
767 735
735 736 
736 735
736 737 
737 736
736 767 
767 736
736 768 
768 736
737 768 
768 737
737 769 
769 737
737 738 
738 737
738 769 
769 738
738 770 
770 738
738 739 
739 738
739 770 
770 739
739 771 
771 739
739 740 
740 739
740 771 
771 740
740 772 
772 740
740 741 
741 740
741 773 
773 741
741 742 
742 741
741 772 
772 741
742 773 
773 742
742 774 
774 742
742 743 
743 742
743 774 
774 743
743 805 
805 743
743 929 
929 743
744 745 
745 744
744 806 
806 744
744 775 
775 744
745 775 
775 745
745 776 
776 745
745 746 
746 745
746 747 
747 746
746 776 
776 746
746 777 
777 746
747 777 
777 747
747 778 
778 747
747 748 
748 747
748 749 
749 748
748 778 
778 748
748 779 
779 748
749 779 
779 749
749 780 
780 749
749 750 
750 749
750 780 
780 750
750 781 
781 750
750 751 
751 750
751 781 
781 751
751 782 
782 751
751 752 
752 751
752 753 
753 752
752 782 
782 752
752 783 
783 752
753 754 
754 753
753 783 
783 753
753 784 
784 753
754 784 
784 754
754 785 
785 754
754 755 
755 754
755 785 
785 755
755 786 
786 755
755 756 
756 755
756 757 
757 756
756 786 
786 756
756 787 
787 756
757 787 
787 757
757 788 
788 757
757 758 
758 757
758 759 
759 758
758 788 
788 758
758 789 
789 758
759 789 
789 759
759 790 
790 759
759 760 
760 759
760 790 
790 760
760 791 
791 760
760 761 
761 760
761 762 
762 761
761 791 
791 761
761 792 
792 761
762 792 
792 762
762 793 
793 762
762 763 
763 762
763 764 
764 763
763 793 
793 763
763 794 
794 763
764 794 
794 764
764 795 
795 764
764 765 
765 764
765 766 
766 765
765 795 
795 765
765 796 
796 765
766 796 
796 766
766 797 
797 766
766 767 
767 766
767 768 
768 767
767 797 
797 767
767 798 
798 767
768 769 
769 768
768 798 
798 768
768 799 
799 768
769 799 
799 769
769 800 
800 769
769 770 
770 769
770 771 
771 770
770 800 
800 770
770 801 
801 770
771 801 
801 771
771 802 
802 771
771 772 
772 771
772 773 
773 772
772 802 
802 772
772 803 
803 772
773 803 
803 773
773 804 
804 773
773 774 
774 773
774 805 
805 774
774 804 
804 774
775 776 
776 775
775 806 
806 775
775 807 
807 775
776 807 
807 776
776 808 
808 776
776 777 
777 776
777 808 
808 777
777 809 
809 777
777 778 
778 777
778 809 
809 778
778 810 
810 778
778 779 
779 778
779 780 
780 779
779 810 
810 779
779 811 
811 779
780 811 
811 780
780 812 
812 780
780 781 
781 780
781 812 
812 781
781 813 
813 781
781 782 
782 781
782 783 
783 782
782 813 
813 782
782 814 
814 782
783 814 
814 783
783 815 
815 783
783 784 
784 783
784 815 
815 784
784 816 
816 784
784 785 
785 784
785 816 
816 785
785 817 
817 785
785 786 
786 785
786 817 
817 786
786 818 
818 786
786 787 
787 786
787 818 
818 787
787 819 
819 787
787 788 
788 787
788 789 
789 788
788 819 
819 788
788 820 
820 788
789 820 
820 789
789 821 
821 789
789 790 
790 789
790 821 
821 790
790 822 
822 790
790 791 
791 790
791 822 
822 791
791 823 
823 791
791 792 
792 791
792 823 
823 792
792 824 
824 792
792 793 
793 792
793 794 
794 793
793 824 
824 793
793 825 
825 793
794 825 
825 794
794 826 
826 794
794 795 
795 794
795 826 
826 795
795 827 
827 795
795 796 
796 795
796 827 
827 796
796 828 
828 796
796 797 
797 796
797 798 
798 797
797 828 
828 797
797 829 
829 797
798 829 
829 798
798 830 
830 798
798 799 
799 798
799 830 
830 799
799 831 
831 799
799 800 
800 799
800 801 
801 800
800 831 
831 800
800 832 
832 800
801 832 
832 801
801 833 
833 801
801 802 
802 801
802 833 
833 802
802 834 
834 802
802 803 
803 802
803 804 
804 803
803 834 
834 803
803 835 
835 803
804 835 
835 804
804 836 
836 804
804 805 
805 804
805 836 
836 805
805 867 
867 805
805 929 
929 805
806 807 
807 806
806 868 
868 806
806 837 
837 806
807 837 
837 807
807 838 
838 807
807 808 
808 807
808 809 
809 808
808 838 
838 808
808 839 
839 808
809 839 
839 809
809 840 
840 809
809 810 
810 809
810 840 
840 810
810 841 
841 810
810 811 
811 810
811 841 
841 811
811 842 
842 811
811 812 
812 811
812 813 
813 812
812 842 
842 812
812 843 
843 812
813 843 
843 813
813 844 
844 813
813 814 
814 813
814 815 
815 814
814 844 
844 814
814 845 
845 814
815 845 
845 815
815 846 
846 815
815 816 
816 815
816 846 
846 816
816 847 
847 816
816 817 
817 816
817 847 
847 817
817 848 
848 817
817 818 
818 817
818 819 
819 818
818 848 
848 818
818 849 
849 818
819 849 
849 819
819 850 
850 819
819 820 
820 819
820 821 
821 820
820 850 
850 820
820 851 
851 820
821 851 
851 821
821 852 
852 821
821 822 
822 821
822 852 
852 822
822 853 
853 822
822 823 
823 822
823 824 
824 823
823 853 
853 823
823 854 
854 823
824 854 
854 824
824 855 
855 824
824 825 
825 824
825 826 
826 825
825 855 
855 825
825 856 
856 825
826 856 
856 826
826 857 
857 826
826 827 
827 826
827 828 
828 827
827 857 
857 827
827 858 
858 827
828 858 
858 828
828 859 
859 828
828 829 
829 828
829 830 
830 829
829 859 
859 829
829 860 
860 829
830 860 
860 830
830 861 
861 830
830 831 
831 830
831 832 
832 831
831 861 
861 831
831 862 
862 831
832 862 
862 832
832 863 
863 832
832 833 
833 832
833 863 
863 833
833 864 
864 833
833 834 
834 833
834 835 
835 834
834 864 
864 834
834 865 
865 834
835 836 
836 835
835 865 
865 835
835 866 
866 835
836 866 
866 836
836 867 
867 836
837 838 
838 837
837 868 
868 837
837 869 
869 837
838 869 
869 838
838 870 
870 838
838 839 
839 838
839 870 
870 839
839 871 
871 839
839 840 
840 839
840 841 
841 840
840 871 
871 840
840 872 
872 840
841 842 
842 841
841 872 
872 841
841 873 
873 841
842 873 
873 842
842 874 
874 842
842 843 
843 842
843 844 
844 843
843 874 
874 843
843 875 
875 843
844 875 
875 844
844 876 
876 844
844 845 
845 844
845 876 
876 845
845 877 
877 845
845 846 
846 845
846 847 
847 846
846 877 
877 846
846 878 
878 846
847 878 
878 847
847 879 
879 847
847 848 
848 847
848 879 
879 848
848 880 
880 848
848 849 
849 848
849 880 
880 849
849 881 
881 849
849 850 
850 849
850 851 
851 850
850 881 
881 850
850 882 
882 850
851 852 
852 851
851 882 
882 851
851 883 
883 851
852 883 
883 852
852 884 
884 852
852 853 
853 852
853 884 
884 853
853 885 
885 853
853 854 
854 853
854 855 
855 854
854 885 
885 854
854 886 
886 854
855 886 
886 855
855 887 
887 855
855 856 
856 855
856 887 
887 856
856 888 
888 856
856 857 
857 856
857 858 
858 857
857 888 
888 857
857 889 
889 857
858 859 
859 858
858 889 
889 858
858 890 
890 858
859 890 
890 859
859 891 
891 859
859 860 
860 859
860 861 
861 860
860 891 
891 860
860 892 
892 860
861 892 
892 861
861 893 
893 861
861 862 
862 861
862 893 
893 862
862 894 
894 862
862 863 
863 862
863 894 
894 863
863 895 
895 863
863 864 
864 863
864 865 
865 864
864 895 
895 864
864 896 
896 864
865 866 
866 865
865 896 
896 865
865 897 
897 865
866 897 
897 866
866 898 
898 866
866 867 
867 866
867 898 
898 867
867 929 
929 867
868 930 
930 868
868 899 
899 868
868 869 
869 868
869 899 
899 869
869 900 
900 869
869 870 
870 869
870 900 
900 870
870 901 
901 870
870 871 
871 870
871 901 
901 871
871 902 
902 871
871 872 
872 871
872 873 
873 872
872 902 
902 872
872 903 
903 872
873 903 
903 873
873 904 
904 873
873 874 
874 873
874 875 
875 874
874 904 
904 874
874 905 
905 874
875 905 
905 875
875 906 
906 875
875 876 
876 875
876 906 
906 876
876 907 
907 876
876 877 
877 876
877 907 
907 877
877 908 
908 877
877 878 
878 877
878 879 
879 878
878 908 
908 878
878 909 
909 878
879 909 
909 879
879 910 
910 879
879 880 
880 879
880 881 
881 880
880 910 
910 880
880 911 
911 880
881 911 
911 881
881 912 
912 881
881 882 
882 881
882 912 
912 882
882 913 
913 882
882 883 
883 882
883 913 
913 883
883 914 
914 883
883 884 
884 883
884 914 
914 884
884 915 
915 884
884 885 
885 884
885 915 
915 885
885 916 
916 885
885 886 
886 885
886 887 
887 886
886 916 
916 886
886 917 
917 886
887 917 
917 887
887 918 
918 887
887 888 
888 887
888 889 
889 888
888 918 
918 888
888 919 
919 888
889 919 
919 889
889 920 
920 889
889 890 
890 889
890 891 
891 890
890 920 
920 890
890 921 
921 890
891 921 
921 891
891 922 
922 891
891 892 
892 891
892 922 
922 892
892 923 
923 892
892 893 
893 892
893 923 
923 893
893 924 
924 893
893 894 
894 893
894 895 
895 894
894 924 
924 894
894 925 
925 894
895 925 
925 895
895 926 
926 895
895 896 
896 895
896 897 
897 896
896 926 
926 896
896 927 
927 896
897 927 
927 897
897 928 
928 897
897 898 
898 897
898 928 
928 898
898 929 
929 898
899 930 
930 899
899 931 
931 899
899 900 
900 899
900 931 
931 900
900 932 
932 900
900 901 
901 900
901 932 
932 901
901 933 
933 901
901 902 
902 901
902 903 
903 902
902 933 
933 902
902 934 
934 902
903 904 
904 903
903 934 
934 903
903 935 
935 903
904 905 
905 904
904 935 
935 904
904 936 
936 904
905 936 
936 905
905 937 
937 905
905 906 
906 905
906 907 
907 906
906 937 
937 906
906 938 
938 906
907 938 
938 907
907 939 
939 907
907 908 
908 907
908 939 
939 908
908 940 
940 908
908 909 
909 908
909 940 
940 909
909 941 
941 909
909 910 
910 909
910 911 
911 910
910 941 
941 910
910 942 
942 910
911 942 
942 911
911 943 
943 911
911 912 
912 911
912 943 
943 912
912 944 
944 912
912 913 
913 912
913 914 
914 913
913 944 
944 913
913 945 
945 913
914 945 
945 914
914 946 
946 914
914 915 
915 914
915 916 
916 915
915 946 
946 915
915 947 
947 915
916 917 
917 916
916 947 
947 916
916 948 
948 916
917 948 
948 917
917 949 
949 917
917 918 
918 917
918 919 
919 918
918 949 
949 918
918 950 
950 918
919 950 
950 919
919 951 
951 919
919 920 
920 919
920 921 
921 920
920 951 
951 920
920 952 
952 920
921 952 
952 921
921 953 
953 921
921 922 
922 921
922 923 
923 922
922 953 
953 922
922 954 
954 922
923 954 
954 923
923 955 
955 923
923 924 
924 923
924 925 
925 924
924 955 
955 924
924 956 
956 924
925 956 
956 925
925 957 
957 925
925 926 
926 925
926 927 
927 926
926 957 
957 926
926 958 
958 926
927 958 
958 927
927 959 
959 927
927 928 
928 927
928 929 
929 928
928 959 
959 928
928 960 
960 928
929 960 
960 929
930 932 
932 930
930 931 
931 930
931 932 
932 931
932 933 
933 932
932 939 
939 932
933 934 
934 933
933 939 
939 933
933 938 
938 933
933 936 
936 933
933 935 
935 933
934 935 
935 934
935 936 
936 935
936 937 
937 936
936 938 
938 936
937 938 
938 937
938 939 
939 938
939 955 
955 939
939 945 
945 939
939 942 
942 939
939 940 
940 939
940 942 
942 940
940 941 
941 940
941 942 
942 941
942 945 
945 942
942 944 
944 942
942 943 
943 942
943 944 
944 943
944 945 
945 944
945 955 
955 945
945 953 
953 945
945 947 
947 945
945 946 
946 945
946 947 
947 946
947 953 
953 947
947 950 
950 947
947 949 
949 947
947 948 
948 947
948 949 
949 948
949 950 
950 949
950 953 
953 950
950 952 
952 950
950 951 
951 950
951 952 
952 951
952 953 
953 952
953 954 
954 953
953 955 
955 953
954 955 
955 954
955 959 
959 955
955 958 
958 955
955 956 
956 955
956 958 
958 956
956 957 
957 956
957 958 
958 957
958 959 
959 958
959 960 
960 959
