0 17.6471040 59.8406358
1 17.6471171 59.8406220
2 17.6472384 59.8405746
3 17.6473230 59.8405666
4 17.6474035 59.8405728
5 17.6474791 59.8405931
6 17.6475400 59.8406283
7 17.6475698 59.8406686
8 17.6475710 59.8407097
9 17.6475437 59.8407505
10 17.6474987 59.8407803
11 17.6474276 59.8408046
12 17.6473101 59.8408153
13 17.6472189 59.8408033
14 17.6471488 59.8407781
15 17.6471105 59.8407525
16 17.6470810 59.8407096
17 17.6470832 59.8406661
18 17.6512715 59.8392542
19 17.6513529 59.8392124
20 17.6514361 59.8391453
21 17.6514632 59.8390578
22 17.6514284 59.8389679
23 17.6511529 59.8386392
24 17.6510142 59.8384887
25 17.6507602 59.8382121
26 17.6505176 59.8379234
27 17.6504045 59.8377517
28 17.6503097 59.8375520
29 17.6501934 59.8372984
30 17.6500312 59.8368574
31 17.6499727 59.8367748
32 17.6497728 59.8362949
33 17.6508454 59.8394044
34 17.6438980 59.8486865
35 17.6440590 59.8486693
36 17.6444502 59.8486161
37 17.6445765 59.8485893
38 17.6446864 59.8485548
39 17.6448508 59.8484831
40 17.6450940 59.8483397
41 17.6453570 59.8481529
42 17.6477274 59.8465258
43 17.6483599 59.8460981
44 17.6491134 59.8454838
45 17.6495788 59.8451187
46 17.6496999 59.8449994
47 17.6499358 59.8447668
48 17.6499958 59.8447076
49 17.6500289 59.8446759
50 17.6501546 59.8445556
51 17.6507943 59.8441258
52 17.6511121 59.8439499
53 17.6514141 59.8437356
54 17.6516637 59.8434865
55 17.6519310 59.8432026
56 17.6519398 59.8431887
57 17.6520778 59.8429691
58 17.6522105 59.8425681
59 17.6523289 59.8422796
60 17.6525348 59.8420273
61 17.6529937 59.8416842
62 17.6531367 59.8415200
63 17.6531694 59.8414257
64 17.6531965 59.8413282
65 17.6434774 59.8343520
66 17.6442336 59.8351592
67 17.6443576 59.8353014
68 17.6445107 59.8354452
69 17.6446815 59.8355840
70 17.6448706 59.8357140
71 17.6451732 59.8358990
72 17.6455037 59.8360452
73 17.6457164 59.8361211
74 17.6459133 59.8361863
75 17.6462948 59.8363076
76 17.6465859 59.8364025
77 17.6469958 59.8365273
78 17.6473446 59.8366303
79 17.6477181 59.8367459
80 17.6484237 59.8369870
81 17.6486786 59.8370984
82 17.6489090 59.8372138
83 17.6493268 59.8374247
84 17.6496218 59.8376177
85 17.6498950 59.8378282
86 17.6500943 59.8380061
87 17.6502616 59.8381864
88 17.6504324 59.8383774
89 17.6506829 59.8387199
90 17.6508734 59.8390211
91 17.6510400 59.8392685
92 17.6512210 59.8395330
93 17.6516079 59.8399833
94 17.6519239 59.8402646
95 17.6523065 59.8405279
96 17.6526833 59.8407408
97 17.6530656 59.8409029
98 17.6392344 59.8416660
99 17.6390586 59.8416452
100 17.6389421 59.8416336
101 17.6386604 59.8416060
102 17.6382804 59.8415723
103 17.6382047 59.8415655
104 17.6373657 59.8414841
105 17.6366462 59.8414129
106 17.6362105 59.8413725
107 17.6359712 59.8413490
108 17.6348262 59.8412413
109 17.6396979 59.8393836
110 17.6394344 59.8392839
111 17.6393131 59.8392323
112 17.6390793 59.8391480
113 17.6322590 59.8410065
114 17.6324575 59.8409641
115 17.6327677 59.8409078
116 17.6329433 59.8408617
117 17.6330941 59.8407912
118 17.6332447 59.8406037
119 17.6333562 59.8405383
120 17.6338933 59.8402702
121 17.6342979 59.8398864
122 17.6345283 59.8397182
123 17.6347994 59.8396003
124 17.6353037 59.8394440
125 17.6358509 59.8393901
126 17.6363766 59.8393362
127 17.6369130 59.8392553
128 17.6372563 59.8392176
129 17.6380856 59.8392695
130 17.6384206 59.8392786
131 17.6386203 59.8392553
132 17.6387399 59.8392031
133 17.6387657 59.8391567
134 17.6388566 59.8391197
135 17.6467710 59.8423471
136 17.6467043 59.8424467
137 17.6466625 59.8426066
138 17.6466366 59.8427990
139 17.6464820 59.8431632
140 17.6464065 59.8433380
141 17.6464324 59.8434202
142 17.6464347 59.8435162
143 17.6474395 59.8405177
144 17.6474907 59.8404394
145 17.6476356 59.8402173
146 17.6478241 59.8399055
147 17.6478737 59.8398184
148 17.6478975 59.8397760
149 17.6479603 59.8397325
150 17.6480232 59.8397049
151 17.6481239 59.8396621
152 17.6483030 59.8395919
153 17.6484866 59.8395320
154 17.6486456 59.8394890
155 17.6487245 59.8394745
156 17.6490050 59.8394663
157 17.6492788 59.8394925
158 17.6508178 59.8366504
159 17.6501508 59.8368002
160 17.6500730 59.8368255
161 17.6532150 59.8412451
162 17.6532379 59.8411426
163 17.6532846 59.8409901
164 17.6533477 59.8407840
165 17.6469104 59.8417057
166 17.6467514 59.8417351
167 17.6462724 59.8416735
168 17.6456471 59.8415964
169 17.6451805 59.8417679
170 17.6451040 59.8417960
171 17.6443116 59.8420805
172 17.6443218 59.8421555
173 17.6442783 59.8421660
174 17.6441046 59.8421926
175 17.6440512 59.8422252
176 17.6440298 59.8422734
177 17.6440750 59.8423143
178 17.6441776 59.8423447
179 17.6442983 59.8423416
180 17.6443208 59.8423333
181 17.6443571 59.8423199
182 17.6443918 59.8422825
183 17.6443798 59.8422507
184 17.6496820 59.8361370
185 17.6496090 59.8359756
186 17.6496486 59.8357757
187 17.6496590 59.8357130
188 17.6497450 59.8353350
189 17.6497547 59.8352882
190 17.6498295 59.8348773
191 17.6498486 59.8347830
192 17.6500153 59.8341137
193 17.6500484 59.8339584
194 17.6500683 59.8338673
195 17.6500921 59.8337445
196 17.6500827 59.8443450
197 17.6500585 59.8442429
198 17.6500716 59.8441371
199 17.6502134 59.8438856
200 17.6503991 59.8436136
201 17.6504285 59.8435870
202 17.6508157 59.8432365
203 17.6510339 59.8429661
204 17.6511534 59.8427867
205 17.6512020 59.8427137
206 17.6513054 59.8424838
207 17.6513149 59.8423750
208 17.6388421 59.8381544
209 17.6388177 59.8380386
210 17.6387811 59.8378655
211 17.6387108 59.8376636
212 17.6386179 59.8373659
213 17.6385667 59.8372031
214 17.6385473 59.8370856
215 17.6385459 59.8368259
216 17.6384449 59.8364811
217 17.6383904 59.8362659
218 17.6382502 59.8360582
219 17.6381132 59.8358836
220 17.6379659 59.8357345
221 17.6379023 59.8356400
222 17.6378025 59.8355059
223 17.6376778 59.8354012
224 17.6376172 59.8352896
225 17.6375868 59.8351231
226 17.6375188 59.8349651
227 17.6371381 59.8345133
228 17.6370193 59.8343544
229 17.6369147 59.8341647
230 17.6366530 59.8337252
231 17.6365760 59.8336180
232 17.6363789 59.8333270
233 17.6363476 59.8332801
234 17.6362840 59.8331849
235 17.6361828 59.8330334
236 17.6359077 59.8326236
237 17.6358098 59.8324779
238 17.6357620 59.8324348
239 17.6447721 59.8399531
240 17.6447966 59.8399201
241 17.6448893 59.8398315
242 17.6450246 59.8395398
243 17.6451181 59.8393572
244 17.6451691 59.8392425
245 17.6451955 59.8391832
246 17.6452459 59.8390543
247 17.6455722 59.8382088
248 17.6460340 59.8370544
249 17.6463757 59.8370767
250 17.6464467 59.8370831
251 17.6469598 59.8371346
252 17.6479549 59.8372343
253 17.6481740 59.8372563
254 17.6483264 59.8372380
255 17.6533842 59.8406405
256 17.6535827 59.8399545
257 17.6537818 59.8392300
258 17.6537180 59.8390831
259 17.6536016 59.8387125
260 17.6535930 59.8385702
261 17.6537324 59.8382577
262 17.6537742 59.8380585
263 17.6537104 59.8378727
264 17.6536101 59.8376559
265 17.6534142 59.8372419
266 17.6531611 59.8366406
267 17.6531176 59.8365663
268 17.6530712 59.8365152
269 17.6529798 59.8364646
270 17.6528114 59.8364054
271 17.6526818 59.8363685
272 17.6525348 59.8363486
273 17.6523585 59.8363417
274 17.6521765 59.8363527
275 17.6520605 59.8363770
276 17.6515476 59.8364892
277 17.6514148 59.8365183
278 17.6507091 59.8366482
279 17.6506141 59.8366345
280 17.6504432 59.8365974
281 17.6503213 59.8365673
282 17.6501895 59.8365146
283 17.6500769 59.8364698
284 17.6499729 59.8364174
285 17.6498810 59.8363734
286 17.6532835 59.8409965
287 17.6536714 59.8411441
288 17.6543273 59.8413341
289 17.6554416 59.8416177
290 17.6533305 59.8412992
291 17.6534758 59.8412655
292 17.6535875 59.8411963
293 17.6536525 59.8411531
294 17.6536898 59.8411018
295 17.6537030 59.8410447
296 17.6536967 59.8409884
297 17.6536784 59.8409601
298 17.6536546 59.8409343
299 17.6534832 59.8408445
300 17.6373207 59.8462822
301 17.6373554 59.8461974
302 17.6374133 59.8460554
303 17.6374267 59.8460227
304 17.6374662 59.8459258
305 17.6375855 59.8456117
306 17.6377569 59.8451314
307 17.6379573 59.8445722
308 17.6380666 59.8442665
309 17.6381026 59.8441746
310 17.6383497 59.8435403
311 17.6384718 59.8431791
312 17.6385587 59.8429747
313 17.6387335 59.8425099
314 17.6396640 59.8399598
315 17.6397731 59.8397183
316 17.6398004 59.8396020
317 17.6397939 59.8395736
318 17.6397796 59.8395104
319 17.6397351 59.8394152
320 17.6401854 59.8394698
321 17.6400687 59.8395938
322 17.6400452 59.8396187
323 17.6399697 59.8397344
324 17.6398622 59.8400084
325 17.6393676 59.8412689
326 17.6389427 59.8423894
327 17.6388988 59.8425076
328 17.6386776 59.8431276
329 17.6385297 59.8436240
330 17.6383385 59.8441998
331 17.6383103 59.8442849
332 17.6377817 59.8456190
333 17.6376454 59.8459907
334 17.6376236 59.8460441
335 17.6375521 59.8462196
336 17.6410868 59.8394315
337 17.6406069 59.8394108
338 17.6404475 59.8394075
339 17.6402890 59.8394308
340 17.6387954 59.8390643
341 17.6388372 59.8388956
342 17.6389714 59.8385591
343 17.6390148 59.8384343
344 17.6386598 59.8381032
345 17.6379261 59.8381061
346 17.6373147 59.8380890
347 17.6371984 59.8380559
348 17.6371039 59.8379659
349 17.6370649 59.8377731
350 17.6393801 59.8391802
351 17.6395144 59.8391993
352 17.6396486 59.8392001
353 17.6397720 59.8391837
354 17.6427090 59.8396677
355 17.6437382 59.8398113
356 17.6446299 59.8399336
357 17.6447951 59.8399563
358 17.6452584 59.8400462
359 17.6456745 59.8401499
360 17.6465149 59.8404051
361 17.6469849 59.8405734
362 17.6394904 59.8401003
363 17.6395379 59.8399494
364 17.6400187 59.8398988
365 17.6399701 59.8400536
366 17.6403307 59.8392127
367 17.6404943 59.8392566
368 17.6406589 59.8393096
369 17.6400888 59.8391301
370 17.6402297 59.8391593
371 17.6402800 59.8391805
372 17.6403810 59.8392818
373 17.6403811 59.8393339
374 17.6403440 59.8393916
375 17.6402473 59.8394502
376 17.6402122 59.8394624
377 17.6400888 59.8394859
378 17.6400186 59.8394888
379 17.6399507 59.8394849
380 17.6398312 59.8394604
381 17.6396664 59.8393238
382 17.6396778 59.8392602
383 17.6397331 59.8392022
384 17.6398312 59.8391556
385 17.6399433 59.8391319
386 17.6507888 59.8383482
387 17.6506544 59.8381983
388 17.6509445 59.8388989
389 17.6510160 59.8390190
390 17.6511653 59.8396823
391 17.6510484 59.8395394
392 17.6495339 59.8395115
393 17.6498745 59.8395502
394 17.6501666 59.8395711
395 17.6503459 59.8395616
396 17.6504961 59.8395384
397 17.6505499 59.8395121
398 17.6403744 59.8386221
399 17.6402608 59.8390045
400 17.6402583 59.8390869
401 17.6399261 59.8390823
402 17.6400465 59.8389830
403 17.6404987 59.8382818
404 17.6410257 59.8368174
405 17.6413796 59.8358594
406 17.6417779 59.8346940
407 17.6510820 59.8384875
408 17.6512303 59.8386502
409 17.6476162 59.8400600
410 17.6475675 59.8400530
411 17.6476763 59.8398621
412 17.6477250 59.8398691
413 17.6478751 59.8400730
414 17.6477592 59.8402571
415 17.6477147 59.8402501
416 17.6478307 59.8400660
#
0 1
1 0
1 2
2 1
2 3
3 2
3 4
4 3
4 5
5 4
5 6
6 5
6 7
7 6
7 8
8 7
8 9
9 8
9 10
10 9
10 11
11 10
11 12
12 11
12 13
13 12
13 14
14 13
14 15
15 14
15 16
16 15
16 17
17 16
17 0
0 17
18 19
19 18
19 20
20 19
20 21
21 20
21 22
22 21
22 23
23 22
23 24
24 23
24 25
25 24
25 26
26 25
26 27
27 26
27 28
28 27
28 29
29 28
29 30
30 29
30 31
31 30
31 32
32 31
33 18
18 33
34 35
35 34
35 36
36 35
36 37
37 36
37 38
38 37
38 39
39 38
39 40
40 39
40 41
41 40
41 42
42 41
42 43
43 42
43 44
44 43
44 45
45 44
45 46
46 45
46 47
47 46
47 48
48 47
48 49
49 48
49 50
50 49
50 51
51 50
51 52
52 51
52 53
53 52
53 54
54 53
54 55
55 54
55 56
56 55
56 57
57 56
57 58
58 57
58 59
59 58
59 60
60 59
60 61
61 60
61 62
62 61
62 63
63 62
63 64
64 63
65 66
66 65
66 67
67 66
67 68
68 67
68 69
69 68
69 70
70 69
70 71
71 70
71 72
72 71
72 73
73 72
73 74
74 73
74 75
75 74
75 76
76 75
76 77
77 76
77 78
78 77
78 79
79 78
79 80
80 79
80 81
81 80
81 82
82 81
82 83
83 82
83 84
84 83
84 85
85 84
85 86
86 85
86 87
87 86
87 88
88 87
88 89
89 88
89 90
90 89
90 91
91 90
91 92
92 91
92 93
93 92
93 94
94 93
94 95
95 94
95 96
96 95
96 97
97 96
98 99
99 98
99 100
100 99
100 101
101 100
101 102
102 101
102 103
103 102
103 104
104 103
104 105
105 104
105 106
106 105
106 107
107 106
107 108
108 107
109 110
110 109
110 111
111 110
111 112
112 111
113 114
114 113
114 115
115 114
115 116
116 115
116 117
117 116
117 118
118 117
118 119
119 118
119 120
120 119
120 121
121 120
121 122
122 121
122 123
123 122
123 124
124 123
124 125
125 124
125 126
126 125
126 127
127 126
127 128
128 127
128 129
129 128
129 130
130 129
130 131
131 130
131 132
132 131
132 133
133 132
133 134
134 133
135 136
136 135
136 137
137 136
137 138
138 137
138 139
139 138
139 140
140 139
140 141
141 140
141 142
142 141
4 143
143 4
143 144
144 143
144 145
145 144
145 146
146 145
146 147
147 146
147 148
148 147
148 149
149 148
149 150
150 149
150 151
151 150
151 152
152 151
152 153
153 152
153 154
154 153
154 155
155 154
155 156
156 155
156 157
157 156
158 159
159 158
159 160
160 159
160 30
30 160
64 161
161 64
161 162
162 161
162 163
163 162
163 164
164 163
165 166
166 165
166 167
167 166
167 168
168 167
168 169
169 168
169 170
170 169
170 171
171 170
171 172
172 171
172 173
173 172
173 174
174 173
174 175
175 174
175 176
176 175
176 177
177 176
177 178
178 177
178 179
179 178
179 180
180 179
180 181
181 180
181 182
182 181
182 183
183 182
183 172
172 183
32 184
184 32
184 185
185 184
185 186
186 185
186 187
187 186
187 188
188 187
188 189
189 188
189 190
190 189
190 191
191 190
191 192
192 191
192 193
193 192
193 194
194 193
194 195
195 194
50 196
196 50
196 197
197 196
197 198
198 197
198 199
199 198
199 200
200 199
200 201
201 200
201 202
202 201
202 203
203 202
203 204
204 203
204 205
205 204
205 206
206 205
206 207
207 206
208 209
209 208
209 210
210 209
210 211
211 210
211 212
212 211
212 213
213 212
213 214
214 213
214 215
215 214
215 216
216 215
216 217
217 216
217 218
218 217
218 219
219 218
219 220
220 219
220 221
221 220
221 222
222 221
222 223
223 222
223 224
224 223
224 225
225 224
225 226
226 225
226 227
227 226
227 228
228 227
228 229
229 228
229 230
230 229
230 231
231 230
231 232
232 231
232 233
233 232
233 234
234 233
234 235
235 234
235 236
236 235
236 237
237 236
237 238
238 237
239 240
240 239
240 241
241 240
241 242
242 241
242 243
243 242
243 244
244 243
244 245
245 244
245 246
246 245
246 247
247 246
247 248
248 247
248 249
249 248
249 250
250 249
250 251
251 250
251 252
252 251
252 253
253 252
253 254
254 253
164 255
255 164
255 256
256 255
256 257
257 256
257 258
258 257
258 259
259 258
259 260
260 259
260 261
261 260
261 262
262 261
262 263
263 262
263 264
264 263
264 265
265 264
265 266
266 265
266 267
267 266
267 268
268 267
268 269
269 268
269 270
270 269
270 271
271 270
271 272
272 271
272 273
273 272
273 274
274 273
274 275
275 274
275 276
276 275
276 277
277 276
277 158
158 277
158 278
278 158
278 279
279 278
279 280
280 279
280 281
281 280
281 282
282 281
282 283
283 282
283 284
284 283
284 285
285 284
285 32
32 285
97 286
286 97
286 287
287 286
287 288
288 287
288 289
289 288
64 290
290 64
290 291
291 290
291 292
292 291
292 293
293 292
293 294
294 293
294 295
295 294
295 296
296 295
296 297
297 296
297 298
298 297
298 299
299 298
299 164
164 299
300 301
301 300
301 302
302 301
302 303
303 302
303 304
304 303
304 305
305 304
305 306
306 305
306 307
307 306
307 308
308 307
308 309
309 308
309 310
310 309
310 311
311 310
311 312
312 311
312 313
313 312
313 99
99 313
99 314
314 99
314 315
315 314
315 316
316 315
316 317
317 316
317 318
318 317
318 319
319 318
320 321
321 320
321 322
322 321
322 323
323 322
323 324
324 323
324 325
325 324
325 98
98 325
98 326
326 98
326 327
327 326
327 328
328 327
328 329
329 328
329 330
330 329
330 331
331 330
331 332
332 331
332 333
333 332
333 334
334 333
334 335
335 334
336 337
337 336
337 338
338 337
338 339
339 338
112 134
134 112
134 340
340 134
340 341
341 340
341 342
342 341
342 343
343 342
343 208
208 343
208 344
344 208
344 345
345 344
345 346
346 345
346 347
347 346
347 348
348 347
348 349
349 348
112 350
350 112
350 351
351 350
351 352
352 351
352 353
353 352
336 354
354 336
354 355
355 354
355 356
356 355
356 239
239 356
239 357
357 239
357 358
358 357
358 359
359 358
359 360
360 359
360 361
361 360
361 1
1 361
362 363
363 362
364 365
365 364
366 367
367 366
367 368
368 367
368 336
336 368
369 370
370 369
370 371
371 370
371 366
366 371
366 372
372 366
372 373
373 372
373 374
374 373
374 339
339 374
339 375
375 339
375 376
376 375
376 320
320 376
320 377
377 320
377 378
378 377
378 379
379 378
379 380
380 379
380 319
319 380
319 109
109 319
109 381
381 109
381 382
382 381
382 383
383 382
383 353
353 383
353 384
384 353
384 385
385 384
385 369
369 385
386 387
387 386
388 389
389 388
390 391
391 390
157 392
392 157
392 393
393 392
393 394
394 393
394 395
395 394
395 396
396 395
396 397
397 396
397 33
33 397
398 399
399 398
399 400
400 399
400 371
371 400
384 401
401 384
401 402
402 401
402 398
398 402
398 403
403 398
403 404
404 403
404 405
405 404
405 406
406 405
407 408
408 407
409 410
410 409
410 411
411 410
411 412
412 411
412 409
409 412
413 414
414 413
414 415
415 414
415 416
416 415
416 413
413 416
